n,x,y
1,5653.15007060937,2751.88910586859
2,5694.50840088322,2753.06283503628
3,5714.83236494647,2760.66115131716
4,5690.40037103529,2769.24786818149
5,5731.97491984401,2779.44074016374
6,5675.32727603703,2780.98511538041
7,5701.55075365037,2783.30167264568
8,5679.55886568745,2787.4097136131
9,5728.39197467868,2790.99265877842
10,5728.94794931191,2791.36330482741
11,5695.21881415006,2793.43276472668
12,5730.73942189457,2796.64506384303
13,5689.13398313523,2797.47902579286
14,5695.49680146667,2797.91145174309
15,5738.43039690782,2798.52920627755
16,5680.5472662709,2798.65275496055
17,5700.90210916528,2799.20872959377
18,5714.77059616472,2803.3167594417
19,5739.78945465975,2803.37853934294
20,5649.5053455428,2803.68741661018
21,5713.07178231443,2803.71829544131
22,5721.16430444679,2804.70669602476
23,5690.33859113405,2804.79936587662
24,5708.00623071418,2805.8186452912
25,5693.52001141926,2805.91131514307
26,5707.6355846652,2806.06575377668
27,5726.0445274628,2806.06575377668
28,5718.63152864666,2806.8688257759
29,5721.25696317916,2806.89971572652
30,5733.11775906108,2807.94988509172
31,5730.46143457796,2808.10432372534
32,5732.06757857638,2808.10432372534
33,5715.29568084732,2808.4440798237
34,5728.36108472806,2809.18538304116
35,5731.5733838444,2809.43248040715
36,5667.51275234079,2809.52515025901
37,5724.68546971087,2809.52515025901
38,5730.18344726135,2809.95757620924
39,5727.18735556037,2809.98845504037
40,5729.10238794552,2809.98845504037
41,5730.27610599372,2810.54442967359
42,5731.85137116101,2810.69886830721
43,5729.38037526213,2810.82241699021
44,5731.14095789417,2810.82241699021
45,5720.48478113057,2810.91508684207
46,5730.43054462733,2811.13129425744
47,5727.92865877783,2811.16218420806
48,5730.2452160431,2811.37839162343
49,5731.72782247802,2811.40928157405
50,5732.68533311085,2811.53283025705
51,5727.00203809562,2811.68726889066
52,5730.33788589496,2811.68726889066
53,5730.2452160431,2811.74904879191
54,5730.73942189457,2811.84170752428
55,5731.72782247802,2811.90348742552
56,5729.68924140987,2812.21235357326
57,5718.13732279519,2812.33590225626
58,5728.85527946004,2812.3976821575
59,5671.12658745673,2813.07720547372
60,5714.80147499585,2813.32430283971
61,5727.40357409523,2814.00382615593
62,5671.28102609035,2814.55980078915
63,5657.96851372413,2814.77601932401
64,5719.71258796248,2814.93045795763
65,5644.99577969526,2815.08489659124
66,5726.0445274628,2815.51732254147
67,5727.40357409523,2815.73352995684
68,5723.20287439544,2816.04240722407
69,5709.89037314871,2816.19684585769
70,5718.19910269643,2817.40145385651
71,5690.21504245105,2817.58678244075
72,5703.58932359902,2817.74122107436
73,5727.37268414461,2817.89564858849
74,5708.03712066481,2819.77979102301
75,5702.19938701597,2820.30487570562
76,5696.11455600114,2820.86085033884
77,5719.49638054712,2821.50948370443
78,5703.71287228202,2821.88014087291
79,5717.92111537982,2824.01136955394
80,5691.3269917175,2824.35113677179
81,5718.19910269643,2824.35113677179
82,5679.06467095547,2824.87622145439
83,5715.85165548055,2826.23526808683
84,5721.843827763,2826.23526808683
85,5647.99186027674,2826.51325540344
86,5647.12700837629,2827.65609462051
87,5695.4041427343,2828.05763062011
88,5712.97912358206,2828.89159256995
89,5666.30813322247,2829.29312856955
90,5662.60163937415,2830.06532173764
91,5706.15298934977,2830.93017363809
92,5715.14124221371,2832.10389168629
93,5711.24941978115,2833.03052348799
94,5664.14601459083,2833.3085108046
95,5713.56597704641,2833.61737695234
96,5712.48491773059,2834.42046007105
97,5715.45011948094,2834.60577753579
98,5653.89137382683,2834.91465480302
99,5667.08032639056,2834.91465480302
100,5724.90168824573,2835.19264211964
101,5668.77914024085,2835.56328816862
102,5697.87513863318,2836.64435860394
103,5704.79393159784,2839.02268465095
104,5668.40848307237,2839.17712328457
105,5716.34585021252,2839.79487781904
106,5714.02929294726,2840.56705986763
107,5718.97128474502,2840.99948581785
108,5719.12572337864,2841.03037576848
109,5688.57800850201,2842.17321498554
110,5724.83990834448,2842.91450708351
111,5666.36991312372,2842.97628698476
112,5725.02523692872,2843.77935898397
113,5687.7749365028,2844.98397810228
114,5681.19589963649,2847.64029146591
115,5723.78973897928,2847.73296131777
116,5721.47317059453,2849.09200795021
117,5720.97897586255,2851.68655253208
118,5712.33047909697,2852.14986843293
119,5690.33859113405,2854.03399974797
120,5727.18735556037,2855.9181421825
121,5723.07932571244,2856.19612949911
122,5699.94459853245,2857.27718881493
123,5735.95940100894,2857.80227349753
124,5736.73159417702,2858.63623544737
125,5676.50100520472,2859.56286724907
126,5677.36585710518,2859.65552598144
127,5671.40457477335,2860.27328051591
128,5731.82048121039,2861.5705472471
129,5720.88631713017,2863.39290978038
130,5662.1383234733,2863.48556851275
131,5714.95591362947,2864.19598177959
132,5673.13426745476,2864.96817494768
133,5724.68546971087,2865.74035699627
134,5673.50492462324,2866.14189299587
135,5720.94808591192,2866.51255016435
136,5716.46939889552,2868.08780421215
137,5677.67473437241,2869.75572811182
138,5685.76724538527,2870.68235991352
139,5687.89848518579,2871.45454196211
140,5675.82148188851,2871.79430917997
141,5698.21490585103,2872.13406527833
142,5678.9720011036,2872.53560127794
143,5722.67778971284,2873.18424576302
144,5693.828877567,2874.14175639585
145,5674.64775272082,2874.38885376184
146,5680.20749905304,2875.1301569793
147,5704.17618818287,2875.22281571168
148,5720.02146522972,2875.22281571168
149,5678.35425768863,2876.24210624575
150,5693.79799873587,2876.36565492874
151,5710.38456788069,2876.8289597101
152,5699.66661121584,2876.89073961135
153,5695.55858136791,2877.81736029355
154,5691.54321025236,2878.06446877903
155,5713.90574426427,2878.62044341226
156,5670.9412588725,2879.94860009407
157,5693.36557278565,2880.41191599492
158,5708.46954661503,2883.09911930917
159,5705.78233218129,2884.11840984324
160,5721.68938912939,2884.92148184245
161,5678.35425768863,2885.5083464263
162,5709.82859324747,2885.69367501054
163,5679.31176832146,2886.37319832675
164,5681.99897163571,2886.43496710851
165,5702.44648438196,2887.36159891021
166,5715.41922953032,2889.21484027462
167,5707.41937724983,2889.24573022524
168,5703.6819823314,2891.09898270915
169,5680.23838900367,2892.02560339136
170,5708.00623071418,2892.92134524243
171,5711.74361451313,2893.47731987566
172,5683.91400402086,2894.77458660685
173,5689.47375035309,2894.77458660685
174,5689.16487308585,2894.80547655747
175,5693.21113415203,2894.80547655747
176,5677.27318725331,2896.50429040776
177,5698.73999053364,2896.62783909076
178,5704.02174954925,2896.65872904138
179,5686.04523270188,2896.689618992
180,5706.09120944853,2897.18381372398
181,5699.69750116646,2898.54286035641
182,5680.23838900367,2899.37682230625
183,5689.50462918422,2899.59304084111
184,5695.65124010029,2899.65480962286
185,5711.15676104878,2899.74747947472
186,5687.31162060195,2900.3652228897
187,5688.85599581862,2902.15669547236
188,5698.15312594979,2903.08332727406
189,5695.03349668531,2904.04083790689
190,5689.7517376697,2904.81301995548
191,5695.71302000153,2904.81301995548
192,5695.03349668531,2905.8940792713
193,5704.29973686586,2905.8940792713
194,5682.95649338803,2907.77822170583
