x
1
2131
901
2689
1478
2439
2506
1707
1187
787
207
223
991
333
861
1929
1928
2715
1440
1788
2496
2591
1354
1901
990
1723
1757
1748
2364
763
1173
1341
2342
793
2509
1743
1962
2664
359
599
1345
1211
1773
1932
177
964
899
1115
2629
1618
1091
1079
1956
2615
297
180
120
220
8
769
1706
1080
2346
2345
543
1999
1544
1273
2129
2130
185
1576
2184
2214
1225
1363
1869
1410
1218
1047
2623
2037
2605
2382
881
2609
2350
376
2655
2421
989
2639
2650
1188
1333
1020
257
884
2397
1832
2183
2161
1672
1399
1090
1849
1031
1245
782
2001
2031
1283
1282
1751
470
1449
804
2589
133
329
775
1406
1070
2326
1712
1587
309
2026
980
345
566
567
565
1454
669
278
1445
2144
677
1244
1620
1619
396
1594
1337
610
388
1595
44
1983
154
246
2583
1935
2383
2094
893
894
1246
1065
1064
2288
1292
2319
2449
954
1736
2068
397
2321
827
325
1484
352
644
642
643
944
475
2039
843
803
2417
933
937
1727
79
1718
777
650
320
1945
1943
1944
950
814
101
259
2107
735
1239
1863
2574
445
2571
261
629
88
676
2636
593
548
1602
1770
47
48
2015
104
1053
100
132
1457
1942
981
1607
2336
895
326
1059
2071
2311
155
2450
2576
1937
705
478
438
1138
790
1433
1709
1585
1099
1546
2257
2092
2469
672
1867
2418
1529
231
2108
710
1252
925
2237
1528
628
213
1601
1301
233
1377
2335
1949
239
544
2334
2286
441
398
711
328
2014
218
2338
464
908
1451
833
1130
1652
2242
829
1927
418
2539
2500
492
2157
626
2424
139
2236
163
2327
1336
1330
849
2221
2222
2116
1597
1959
1981
726
747
402
2249
2147
2452
1129
1127
975
2067
696
1617
926
927
2298
1272
733
2684
1889
2104
2117
2454
2020
741
1711
1879
471
1875
485
97
1388
2404
2479
427
719
322
127
2087
2003
128
2103
2458
2143
1583
1426
1581
167
1427
718
2002
1238
480
1887
369
370
1923
819
327
1465
662
549
1760
2481
1753
1291
2441
2380
1487
1713
799
539
2499
2021
2292
1766
2247
809
23
956
255
2402
2023
1480
1479
2112
1538
2461
2498
738
2034
455
691
1626
58
2153
785
2596
664
2246
510
854
2073
754
618
240
1548
2265
1814
238
828
2113
2467
18
1150
786
1411
463
1459
413
1379
1152
824
2325
2442
1417
1338
1320
1911
2251
2379
832
810
188
409
1894
715
465
2042
1584
1455
1596
1604
1268
1300
709
830
490
1603
798
433
432
318
1892
1910
670
2030
1571
2297
665
75
2105
105
1141
909
1622
2254
740
695
698
1442
692
186
1653
1128
2091
2080
2411
405
292
1453
1372
178
1412
1435
625
2678
494
1656
2109
1431
2631
1635
671
1654
2330
295
2140
2433
1024
737
766
1458
2354
444
319
493
2567
2464
602
1550
840
2118
773
841
458
316
2368
1486
312
1398
222
1114
337
1989
2290
2304
1632
2260
1771
2082
136
276
2238
1353
368
2534
2065
1450
2459
2111
2355
1516
781
2074
461
619
416
417
1103
1593
452
1708
2541
2542
459
420
293
534
241
857
69
314
912
1716
2373
166
1237
1511
2645
1678
1808
232
2428
330
2028
1231
2483
1181
1413
248
91
1492
805
1170
379
2198
1803
2665
1848
2551
587
661
1671
1100
1800
1717
1466
608
1097
1133
708
103
1132
1818
1819
1868
1366
1947
1853
1679
2058
1673
1670
896
2347
315
1777
1030
2734
2089
1647
1284
1148
542
1109
1806
2043
1395
1896
1683
1828
2586
234
1357
1359
1831
1830
467
1407
483
1898
2443
158
1356
1797
947
1117
2480
978
1754
439
2387
1309
900
375
1089
1402
173
2049
553
1364
2389
717
2072
366
2077
2119
656
2216
1227
2624
2277
2312
558
2514
1298
1217
214
1494
655
1221
1725
2695
2661
2662
99
2580
1119
649
1575
43
1207
759
202
862
1116
529
1145
1255
930
1661
521
1425
2474
1888
1520
1872
2273
627
1666
1165
301
1019
1997
1175
1636
291
1488
1039
586
2593
611
2703
1048
1303
960
962
2308
2059
2540
2185
557
1367
1083
270
2517
1213
568
1625
201
303
60
517
310
2640
2136
1536
1250
581
2137
351
1037
1169
2261
203
2690
1193
537
1355
1162
1163
1521
2733
380
1026
2649
1229
161
2061
2268
2305
2343
598
2531
911
1568
123
2173
1294
504
1542
507
856
1464
2162
1794
372
1438
2269
1391
1955
1168
2359
254
2646
2050
299
1970
2527
11
973
2125
1694
1023
356
1350
1933
1369
1807
308
2594
883
1703
2209
196
2210
2516
2427
1496
497
2174
1179
2274
2159
1565
582
486
1382
2699
63
208
1834
795
988
2634
1609
121
1485
80
21
2307
506
1343
1105
505
1183
969
3
1984
311
384
2720
2494
1329
2196
134
2124
1783
1612
797
1271
1311
1533
1014
1251
2620
1477
2617
159
624
1829
622
623
1532
882
1699
1108
2228
1778
2559
1295
2152
2126
1161
1850
2392
2627
2133
1038
5
616
2599
1756
1858
2029
1772
2190
1313
2206
755
2193
1837
588
1870
175
194
274
961
992
1190
1299
821
2284
302
2547
2186
2310
2203
2218
184
2701
1973
2602
2285
1506
2663
1698
1095
182
858
1205
364
1579
1530
1809
1510
965
639
2128
2491
2213
562
32
1990
2579
343
2585
344
1939
1966
1965
235
2101
1880
606
1461
2212
551
253
2435
783
1847
813
2693
654
1860
347
1663
1793
2207
1346
2201
972
2195
2270
1798
2227
1106
859
2687
2525
1697
758
2362
2502
999
1084
2272
1884
1061
421
1689
2333
1385
394
1600
1476
1475
1155
613
986
614
1314
393
361
1648
93
65
1429
429
2367
2366
1254
1088
195
866
1688
2220
949
2448
1908
928
845
2264
1941
260
212
151
2533
1951
2337
385
341
2644
1890
757
142
2575
157
2038
1936
288
2632
391
350
1482
2434
713
760
59
1934
1042
1149
2622
875
2296
2647
615
2083
749
636
2055
1242
1085
363
2025
1324
267
1280
367
392
2403
424
2560
2056
953
168
2324
1938
1915
2414
716
742
454
61
591
743
373
1631
891
1606
1000
2320
848
411
410
265
95
2377
1335
1483
1517
1629
1574
399
1918
967
635
1214
547
658
641
1302
1733
2303
256
1005
1258
1470
1812
751
2375
1160
1592
1735
637
1952
130
640
1865
2561
1101
2078
1001
1414
1630
1288
1972
1527
2608
771
484
1297
2018
2172
1742
1120
2054
2013
226
802
1054
1342
2371
1219
919
2606
2694
334
1206
1104
2488
174
528
1157
1786
1835
1701
1375
2673
1535
1724
1979
1791
1376
1907
1055
2215
33
1744
1209
499
20
498
1074
1307
1122
794
2477
2676
378
2432
2271
573
2722
1264
107
298
2674
1780
1705
1384
2610
1555
2651
2224
1305
2276
1782
354
496
1198
2497
1704
2603
258
2393
2725
1500
1073
2263
648
1838
2691
2230
801
2613
2016
2705
1124
2231
2401
2164
2208
362
2188
1215
488
1787
1032
1281
1567
2612
1203
1204
1958
1371
2697
556
81
1400
1785
171
2182
1202
2396
1792
2027
2529
570
1171
2179
2578
2581
2197
2192
19
1437
1554
2156
1741
1007
2526
2046
2415
2696
10
183
571
1566
2688
1308
1176
2211
2706
2134
1448
2181
2226
1957
1873
2289
633
1199
1078
2262
2618
1903
1275
1274
243
2724
2659
597
358
273
2490
2619
1228
1926
2012
2266
2582
1913
1980
2616
1381
550
1702
2675
1018
1178
525
2505
2489
1107
2178
2712
1044
1077
145
449
450
2570
251
1899
1545
2642
2692
770
219
2719
1861
1789
1611
1610
878
250
2621
4
2017
191
1224
1467
1010
1234
1093
160
1774
2630
1790
2166
2538
1468
509
836
826
1424
1763
2726
1745
2171
2563
513
227
1312
601
1110
1549
1158
70
1216
2731
572
1893
2344
2138
2654
2051
137
7
1902
1403
1166
9
2668
2708
2478
503
1877
86
124
2205
516
2204
22
554
2170
2732
2709
2123
1522
2522
761
527
580
1660
500
2513
1693
1504
1904
1267
1534
1409
924
192
2717
2476
1463
2667
657
2223
1201
630
1781
1310
148
272
82
2702
2532
2189
1526
515
2686
2707
176
1378
1779
2163
780
1296
779
514
1515
820
317
1642
119
1505
170
1864
2200
1667
2729
1639
2006
2045
1552
2202
502
1662
1769
2127
2504
64
1905
508
1344
1746
1680
1495
1710
1842
1665
78
2165
2672
1009
1022
1776
1304
585
869
2721
812
631
2283
2175
2422
1096
526
2169
2167
2187
2698
1057
2199
1481
2501
604
1664
578
2597
1013
2713
1846
1087
1638
2556
1230
1721
1775
1614
2670
2669
1878
1509
2727
1732
1420
1419
2135
647
569
1331
1836
225
594
796
1172
2341
1180
200
1200
1236
2528
2048
108
959
1564
2168
2730
929
501
2436
1111
62
1824
632
1845
313
1820
40
1589
2062
55
68
511
2090
1977
590
694
2658
1750
791
1325
519
2555
1859
1759
279
149
2158
818
792
789
971
1539
1113
1277
87
1964
332
1823
1257
1747
1432
1072
1351
2468
2465
1112
1628
1817
156
756
725
853
2234
1649
1557
679
74
1885
1734
390
2064
744
2466
1518
2588
984
1960
2552
693
1260
2550
1192
2413
26
27
1924
1293
2485
28
724
2115
1328
66
280
52
811
2000
1925
1416
2685
49
1081
659
1930
545
2258
2252
1370
2339
2244
731
753
400
481
1082
1092
555
54
532
331
2568
249
948
2241
1768
941
942
940
997
2584
668
667
1541
683
687
1540
2633
141
164
2548
1473
1909
1052
748
2503
2233
1389
2601
904
407
1985
106
2302
382
872
114
1561
2229
76
943
2075
2430
349
746
2098
1340
1968
2086
851
2376
1686
910
83
1418
1519
2282
2084
1816
216
1737
51
2446
1434
736
1857
1722
675
1749
1137
1805
1657
835
395
129
1755
1582
252
1916
772
946
495
1969
2378
1339
1327
720
36
1767
1139
2007
374
2151
116
1452
2535
2044
138
871
936
932
1658
1474
2587
918
1326
612
2472
435
2553
1068
707
1135
2653
533
678
323
324
1993
2648
2110
2423
1862
1443
762
1405
1404
1066
189
1881
1811
1651
2519
1256
404
1633
30
2008
1921
453
2291
126
1931
275
1524
865
457
2487
2390
2145
321
1322
538
98
479
985
2097
712
1259
1640
415
697
1121
1131
1321
2309
2033
2095
190
2358
2099
645
389
2473
2053
1063
885
50
887
886
890
2318
963
1715
1726
92
2369
294
877
73
2360
2660
1051
102
2294
1543
94
89
888
1508
434
2079
2399
408
1946
897
1643
1644
263
2155
2047
1286
646
2482
2081
489
2041
934
2370
1263
2457
2240
2004
1507
880
2453
1253
428
2293
852
1394
564
1156
2407
2409
1714
1616
2154
1050
2456
1043
2357
1471
673
2657
1572
1974
2352
35
690
2100
1289
2306
406
620
1650
2626
1621
1067
2301
1423
1729
1396
2562
150
1393
215
1822
1025
165
1248
903
1028
1460
1978
179
39
617
2253
2679
1021
2471
1123
2445
1645
682
2682
448
446
447
913
686
285
2361
560
2148
307
1738
198
1839
2573
589
734
2146
2356
2232
13
1953
2313
1563
2523
1856
815
1126
1456
197
144
2558
56
2475
1086
1569
1098
2349
41
2460
688
269
1136
704
34
1765
996
443
607
115
1719
1058
2069
2425
2150
412
24
305
1323
1764
1352
2372
1285
2444
2406
2569
401
2438
663
336
1361
541
920
1143
1728
2019
2420
2507
236
113
1041
714
1045
873
874
1598
806
1374
2085
2353
1140
2149
1840
289
1897
1690
2036
575
2093
1692
1118
430
703
701
702
1586
53
1390
31
1278
2011
2508
1349
1559
2515
2470
685
2225
1154
1855
2635
524
2518
1681
1436
808
596
1558
277
2010
147
1071
1012
889
2484
1991
995
72
2088
680
487
1624
2066
1151
1623
266
2381
423
2486
1841
998
2666
2398
2711
1992
987
2495
958
2520
1167
563
1266
1373
1627
211
286
1687
2572
727
729
728
730
2316
1975
96
1049
1900
2219
774
1615
1608
1241
1685
993
945
660
1948
2543
1397
2598
979
1191
651
1523
125
834
1358
244
442
2322
2323
403
153
1008
414
1883
842
535
2429
2275
1125
2114
1906
1017
609
2595
1871
456
2235
2680
1762
1682
732
722
2386
817
1408
1247
2317
1588
2255
739
45
1243
2281
1950
146
723
67
1347
242
2295
2106
536
1739
1439
2405
340
1447
847
1605
422
1360
831
338
181
2329
1988
383
1387
476
2096
1446
2132
1551
37
983
377
2009
386
595
674
2537
2005
2250
224
1441
193
2267
2554
839
2437
1886
1967
2385
426
1691
1240
1401
2604
935
621
938
118
2040
2259
540
162
419
600
2408
431
46
860
357
1153
1003
2549
1069
140
2102
187
1940
1987
652
2348
482
1513
283
1553
2248
117
706
1430
2024
230
2351
634
1920
57
1029
2451
2299
1655
2683
2463
1844
2287
2440
1319
281
440
296
1646
1428
2426
1562
951
1142
1917
143
2239
846
750
1062
917
1462
1720
131
1011
1684
2160
1040
2536
1094
952
1876
2141
1570
15
914
2122
603
436
1306
425
1590
451
16
342
1659
561
477
466
85
2243
699
788
2245
700
653
892
1752
469
906
42
2142
1270
468
1290
1102
2565
237
1912
1730
681
2566
1334
1392
574
282
2300
290
348
1531
2577
1491
974
38
112
1634
437
2447
109
346
666
752
1469
1825
1262
381
922
17
721
462
923
1954
879
1591
284
844
1731
1503
2395
2070
520
1348
25
1874
2332
1810
2374
1444
2331
807
1134
1147
1895
2076
1843
816
1362
838
1882
2557
2328
473
921
2462
262
1315
764
1316
12
1919
2384
472
217
111
1223
1599
2510
339
491
1046
837
210
460
221
2564
1758
1279
1922
264
1261
1976
1027
205
850
1317
1815
1827
1287
2340
474
1740
1177
689
1580
684
745
2455
1826
2681
1004
2063
1212
2363
977
1998
1677
1852
1210
1891
2628
931
1144
287
864
304
976
825
1035
1994
1813
2217
365
6
1182
1637
387
306
1696
800
2625
2545
2530
2544
1269
90
2419
905
2643
559
823
2060
247
855
371
2723
902
546
1821
1514
970
1368
1674
552
1034
1961
1186
2524
84
2590
523
1578
2710
110
2315
2412
2400
2611
2714
1002
1249
2511
577
1497
1235
907
2314
518
2120
1159
898
1383
1220
765
2057
1700
2638
2278
1226
2704
2394
209
1006
1233
360
966
2410
1060
2431
957
1799
152
1490
335
2052
1146
271
1556
767
605
863
1195
1547
2600
1185
822
876
2656
2493
522
229
1641
245
1033
576
1613
2032
2416
1265
1669
1971
1796
300
2391
1422
1489
2521
579
1332
1499
2279
531
530
2035
584
1675
2365
1802
1668
870
1502
2641
1501
1866
2637
955
583
1386
1851
1676
2177
916
915
14
1174
1196
867
592
1982
784
355
169
268
1577
1194
1801
1189
1421
1804
1276
1695
1795
77
776
2728
768
2546
1472
1197
1996
868
1525
778
2
2176
2121
2022
1036
2607
2492
1222
2652
29
2191
939
1232
2280
1184
2256
199
994
2139
1365
2700
1512
1415
1854
206
1208
1015
1016
2716
1076
2718
1075
968
228
982
1318
1784
1761
204
135
1573
512
1986
71
1914
2592
1963
1833
2388
2512
172
1537
122
2671
1560
1498
1493
1056
1995
2614
2194
1380
2677
1164
638
353
2180
