x
1345
2131
1
2131
1
2180
353
2180
353
2194
2614
1440
2715
2496
1788
1440
1788
2496
2591
1354
1901
1354
1901
763
990
763
2388
763
1173
2388
793
2591
2388
122
2671
1560
2671
1560
1498
1493
1498
1493
1056
1995
1056
1995
2194
2614
2715
1928
1929
1928
1929
861
2509
861
333
991
1115
899
964
1932
964
297
964
180
1956
1079
2615
1956
180
297
964
1091
2629
1618
1723
1757
1723
1757
1748
2364
763
2364
2611
2400
2611
2400
2412
1249
2511
2314
2511
1249
2412
110
2710
110
2710
1578
523
1159
523
1159
2590
84
185
84
185
1576
2345
1492
2346
2184
2346
1080
2184
1080
1706
1225
2623
1047
1363
1225
2214
1047
1333
1047
1363
1413
1181
1410
1869
1218
1333
989
1333
2639
2650
1333
989
1333
1020
1333
2639
1333
2421
1333
1217
1672
2183
1832
2397
257
2397
1832
2183
1672
2183
1672
1399
1090
1399
1090
1399
1090
1399
1090
558
2312
558
2312
2277
2312
558
2312
558
2312
2624
1227
2661
2216
2695
1227
2695
1227
2695
1725
1227
2277
2624
1227
2695
1725
2695
1227
2624
2277
2624
2277
2624
2312
2624
2277
2624
1227
2624
1227
2624
2277
2624
2277
1221
1725
1221
655
1221
655
1221
655
1221
655
1494
1217
214
1333
989
1333
1494
2421
2655
2421
1333
1188
1333
1188
1333
912
1683
1832
257
884
1333
1020
257
884
232
1808
166
1808
1678
2645
1511
1237
1511
1237
2089
1647
1284
1148
1284
1647
1147
1148
542
1109
1806
1109
1806
807
284
1097
284
1591
1954
879
844
879
1591
844
1503
1731
1503
2395
1392
574
1392
1334
2566
681
2354
681
2354
1730
1912
1730
462
923
462
923
282
2300
282
2300
290
348
290
348
2577
1491
721
974
1491
38
112
38
1634
437
112
437
1634
2447
109
2447
1285
346
1285
666
2444
2406
2444
2406
2569
752
1086
1469
1825
1469
1825
1262
381
1262
381
922
721
237
17
2577
1531
1132
1531
1132
1133
608
1466
608
1466
1717
1800
1100
1671
1800
816
661
587
661
587
2551
1848
2551
1848
2665
1803
1368
1674
2198
379
248
91
1170
805
1170
1492
248
91
805
379
2483
1181
2028
330
2428
330
2428
2028
1030
1777
315
1777
315
1843
2734
2089
2734
2076
1147
2076
1895
1717
1366
1868
1366
1947
1362
1882
2557
838
1882
2557
838
1362
2530
2545
2625
2545
2530
2544
1269
2544
1269
90
2419
90
2058
1673
1670
1821
546
902
2217
2643
2217
2060
2723
2217
2060
2217
905
2217
823
2217
2704
2217
247
2057
855
765
1220
765
1220
1383
2590
1383
898
1365
2700
1365
2700
206
228
206
2716
206
982
1318
982
1235
206
228
955
1318
955
583
1386
583
2637
1866
2637
1866
1501
2641
1501
2641
1502
870
1502
870
1668
1802
2365
1802
2365
355
169
355
169
268
1174
2177
916
915
916
14
915
2177
1174
1196
867
592
867
592
1982
784
1982
784
1668
1804
530
531
2279
531
2279
1499
1332
1499
1332
1422
2521
579
2521
1422
1489
1422
300
2391
1422
1796
1422
768
2416
2032
2495
1992
987
2032
1613
576
1033
576
1613
1033
245
1641
245
2546
1472
2546
1472
1996
868
1525
1197
868
1197
1525
778
2
778
2
977
1998
1677
1852
1210
1852
1210
931
287
2628
1891
931
864
304
1144
1185
822
1006
209
825
1035
1994
1035
1994
1813
365
6
365
6
1182
1637
387
1637
387
306
1696
800
2625
800
1696
1599
1223
2510
1223
2510
460
210
1046
339
12
764
1316
339
262
1315
109
346
2462
921
2328
473
921
2328
473
2462
1919
2384
472
2384
1919
111
217
111
217
472
1599
306
1146
271
335
2052
271
1060
360
1547
1195
863
1195
1547
360
1060
2431
957
2431
957
1799
152
1799
152
1490
335
767
605
863
605
1556
1146
221
210
837
2564
1758
1279
1758
1279
1922
264
1922
264
336
663
401
2438
663
2438
305
1323
305
24
412
24
412
2150
2425
2150
2425
2069
1136
269
688
2460
2475
56
2475
1569
2558
1098
2349
41
56
41
34
704
1765
34
704
996
1765
996
443
607
443
607
115
1719
1058
1719
1058
115
703
701
703
701
430
1118
430
1118
1692
575
1692
575
2036
1690
2036
1690
1897
289
1897
2149
1840
2149
1374
1003
1374
2515
1374
1003
1374
2149
1045
2149
1374
357
1374
2149
2085
2149
1840
2149
1598
1374
860
1374
1598
874
1598
1374
860
1374
1003
2549
1003
423
1003
1374
2149
2085
1374
2149
2085
1374
2149
1374
46
431
2408
419
162
600
2408
600
431
419
2024
1430
2024
1430
706
230
1940
1987
117
2248
1513
482
2102
2348
652
1513
1553
2248
1553
1987
652
1940
187
2348
482
266
140
1069
680
487
2381
140
1003
2549
1003
2549
1003
423
72
2088
72
2088
1991
487
2572
286
211
2484
1991
995
2486
1841
2486
1841
998
2666
147
2010
1071
1012
1071
147
2010
277
596
1558
596
1558
2398
2711
2398
987
2495
1992
2711
958
2416
1265
1422
579
1422
776
939
776
1422
2391
1422
1695
1795
1695
1489
1422
300
1422
1669
1422
1669
1265
1422
1276
1804
1276
530
2035
584
2035
584
1675
1795
776
939
776
229
2022
2121
2176
2121
2176
2492
876
2493
1222
2656
2493
2022
1036
2607
1996
1036
2607
977
1998
1677
2492
1185
1144
864
304
1233
209
825
976
1233
1006
2600
2394
2217
823
2217
1813
2217
2057
1700
939
29
1226
2217
1700
994
2139
199
2256
1184
939
776
939
776
229
1641
776
1422
776
77
776
939
776
939
1232
939
2652
2600
1222
2656
876
822
1891
1212
2363
1212
2363
1681
1436
1681
1436
808
277
808
1855
2635
1855
2635
524
2518
524
2518
2063
1287
1004
1287
1004
2455
1740
474
1177
1740
474
2340
1827
2340
1827
1815
1317
850
205
850
1317
1815
205
1027
1261
1027
1261
1976
1361
541
920
541
920
1361
1143
1580
689
1177
745
684
1728
684
1728
2019
2420
2507
2420
2507
236
113
236
113
1041
714
1041
714
745
1143
2019
2069
1136
269
688
2460
2569
752
1086
1569
2558
144
197
144
197
1456
815
1126
892
1752
892
1752
469
42
2142
42
2142
1270
2140
2433
2140
2433
1453
1435
1654
2330
295
906
469
906
671
1635
2330
1654
1435
1653
2678
1653
178
625
1653
692
1653
1128
1653
692
1653
494
1656
1653
319
1653
2091
1653
1372
1412
1653
625
1653
178
1653
698
695
740
2254
740
2254
1622
1632
1622
1632
2260
1771
2082
136
2082
136
276
2368
2238
2368
276
1353
2238
1353
368
2534
2065
2534
2065
2552
1960
2588
1518
2588
824
1338
1320
2064
744
1320
2064
390
1734
390
2326
1885
74
1885
74
679
2144
1445
278
1445
1246
677
1244
188
677
188
1244
1246
644
352
1246
2288
1246
894
1246
2288
1246
893
1246
1065
1246
2094
1246
1064
1246
1935
2583
246
154
246
154
2583
644
642
643
642
643
944
475
2039
475
2039
843
628
2237
925
1252
925
1252
710
2108
710
2108
231
1529
2418
1529
2418
672
1867
672
1867
628
1528
2237
1528
231
1595
388
610
1983
1337
396
44
396
1619
1620
1619
1594
44
1337
610
388
1595
1377
2335
1377
2335
233
1301
233
1301
1949
239
1949
239
2334
544
2286
441
544
441
398
711
398
711
2014
218
464
218
464
908
1451
908
1451
833
1604
1268
1604
1268
1300
709
1300
709
830
1584
1455
1596
1455
1584
1455
1596
490
413
1459
463
1411
463
1411
463
1603
413
490
413
1459
413
1459
413
1603
1459
1603
798
1603
413
490
413
490
413
490
413
490
413
798
413
490
413
1379
413
1459
413
1152
1379
490
413
1379
413
1459
413
1379
413
1379
1152
1379
413
490
413
490
413
490
413
1603
413
490
413
490
413
1603
413
1459
413
463
413
1603
413
1152
413
490
413
1603
413
1379
413
1603
413
490
413
1459
413
490
413
1379
413
490
413
1379
1152
1379
413
1603
413
490
413
490
413
490
413
798
433
432
433
432
318
18
2467
786
2467
18
1150
786
1150
318
1910
670
1910
670
2030
1571
2297
2105
105
1192
2105
2297
665
75
665
26
27
26
27
1924
2113
1924
2113
1293
2485
28
2485
28
1293
828
238
828
238
1814
1548
240
754
618
754
618
240
2265
1814
1548
854
510
854
510
2073
1328
66
280
66
280
1653
2678
1653
494
1925
811
2000
52
2568
249
948
2568
948
49
1081
49
2685
2000
1925
1416
1653
1442
1653
2115
724
2073
1328
2115
724
909
1141
909
75
105
1141
2260
1771
1486
316
458
312
841
773
1398
773
841
458
316
1486
312
1114
2304
2290
1989
1653
2091
1653
186
1653
1442
695
698
1653
186
1653
602
2464
2567
2464
2567
493
2411
2080
1653
186
1653
692
1653
2411
520
2395
2070
1348
25
1874
2332
1810
2332
1810
1444
2331
1444
2331
1874
25
1348
2070
1550
520
1334
2566
1458
737
766
1458
444
493
405
444
237
2565
1102
1290
468
1290
468
1102
2565
1270
1024
737
766
1453
292
405
292
1653
1128
1653
2080
1653
1412
1372
1653
319
1653
1128
1653
2631
1635
2245
603
436
342
436
603
2122
699
2245
653
700
653
700
951
1562
1142
1562
1142
1917
143
1917
143
1684
2160
1684
2160
1011
131
1720
131
1720
750
1062
750
1062
917
1978
179
1978
179
39
617
39
2253
617
2679
1021
2471
1021
2471
1123
1645
2445
1645
682
686
2445
1123
682
686
913
447
448
446
448
447
913
1839
2573
2146
2573
2146
734
589
734
589
1839
198
1738
307
296
307
296
1738
198
440
281
440
281
1319
1563
1319
1563
2523
1856
2523
1856
815
1126
1456
2440
2287
1844
2287
1844
2463
2683
2093
1655
2093
2683
2463
2232
2356
2232
2356
13
2313
1953
2440
1953
2313
13
1655
2299
2451
1029
57
2451
57
446
2682
938
118
2040
118
2040
2259
540
162
2351
540
2351
634
1920
634
1920
2259
817
2386
722
2386
722
732
1682
732
1682
1762
2680
2235
2429
1871
456
1871
2429
609
2429
2595
2429
842
2235
2595
2429
2275
2429
442
2322
2429
1883
2429
1017
2429
609
2429
1125
2429
403
2323
442
2429
2275
2429
2322
2323
414
96
979
2598
1397
2543
1948
945
660
1948
660
945
993
1685
993
1241
1685
1241
1615
1608
1615
774
1900
2219
2316
728
730
728
730
2316
1975
1049
1900
774
2219
727
1266
563
1167
1422
1971
1422
1167
563
1627
727
211
1373
1012
2666
1373
889
1624
1151
2429
535
2429
403
1008
283
680
1623
2066
2381
2066
1624
2572
1687
729
1975
1049
979
2598
125
1523
125
1191
651
1191
651
2543
1397
1608
1266
2520
958
768
1422
1971
1422
1796
1422
2520
2225
685
2225
685
2470
1154
2470
1154
1278
1390
31
53
1390
53
31
53
2011
2508
1349
2508
1349
2011
1278
2011
2515
1559
998
1559
1374
1153
1003
1374
1003
1153
1003
1153
1003
1374
1003
706
117
2680
456
1408
1588
2317
1588
2317
1906
2429
1883
2429
244
1358
1523
834
1358
834
2429
535
2429
1906
2429
1125
2114
2255
1247
2255
1247
1408
817
1374
2149
1140
2149
1840
2149
1586
1045
1586
2149
2353
2149
1374
1003
1374
1003
1374
357
1374
806
1374
2085
2149
1140
2149
2353
1374
2515
1374
1003
187
1003
1374
46
860
46
1374
2149
702
2149
873
2149
873
2149
2353
2149
702
2149
1374
806
1374
357
1374
357
1374
357
1374
806
1374
1003
1374
1003
2102
1003
1374
806
1374
806
1374
806
1374
806
1374
860
1374
2149
289
2149
1140
2149
1374
2515
1374
874
1374
2681
1826
2681
1826
2455
2063
2628
2410
966
2410
287
976
2217
559
2217
966
689
1580
336
401
1323
1764
1352
491
1046
491
1316
764
12
262
1315
2372
837
2564
460
221
2052
1490
767
1556
1182
2419
905
2217
2704
2394
2217
2643
2217
247
2217
2723
970
1514
552
1368
1674
552
1514
970
371
855
371
1961
1034
1961
1034
1186
2524
1186
2524
1576
2345
543
1999
1544
543
1999
2129
2130
2129
2130
2315
1544
1273
2315
1273
1002
2714
1002
2714
1618
2629
1091
964
1115
964
177
964
177
964
1932
964
291
1488
291
964
899
964
207
787
223
1707
2506
1707
2506
2439
1478
2439
1478
2689
901
2689
901
1743
1962
359
599
359
599
359
1962
1743
1962
2664
310
2640
310
2664
2640
2664
2640
351
581
60
581
351
2136
351
1037
1169
351
2136
1
351
2137
351
1536
60
380
60
1536
351
2136
351
1250
581
351
1250
351
1250
351
2136
351
2137
351
1536
60
303
60
303
60
303
60
303
60
517
60
201
60
303
60
1250
351
2136
351
1250
60
201
60
1536
60
201
60
1026
2649
1213
568
2649
1026
60
303
60
1536
60
201
60
201
1625
310
517
60
303
60
303
60
303
517
60
303
60
1026
1229
380
60
1536
60
517
310
1625
568
1625
1083
1625
1083
1625
201
60
1026
973
11
973
2125
2061
161
2061
2268
2061
2268
308
1023
2268
161
1229
60
2733
60
380
60
2649
1229
161
1694
2125
1694
2125
1694
1023
1933
1350
356
1350
1933
1350
1369
1438
372
1794
1807
1464
2162
1794
372
1794
1438
1369
1438
2269
1391
1955
1168
1955
1168
1955
1168
1955
1168
2359
356
2359
254
2646
254
2646
254
960
254
2646
2050
1694
2050
299
2308
299
2050
299
1970
2308
2059
962
2308
962
960
962
960
1303
1488
2185
1488
1636
1488
1303
1488
2540
1488
611
2593
586
2593
586
2593
611
2703
611
586
611
2703
1488
1048
1488
2540
1488
2703
611
2593
611
586
2593
611
2593
1888
2474
1888
1425
2474
1888
2474
1888
2474
1425
2474
1425
521
1425
2474
1888
2474
1888
2474
1888
2474
858
2474
1425
2474
1888
1425
2474
1425
2474
1425
2474
1425
2474
1888
1520
2474
1888
2474
1425
2474
1888
2474
521
930
521
1520
2474
1425
1661
2285
1255
1661
930
1661
930
1661
930
1661
930
521
930
521
930
1661
930
1661
656
2077
2119
2077
2119
656
2216
2661
2216
2661
2216
1227
2216
656
2077
2119
366
2077
2119
1255
1145
1255
1207
1575
202
1207
759
1207
366
43
1575
43
2072
366
2077
656
1661
930
521
1425
521
1661
656
2077
366
2077
366
2077
2119
2077
2119
656
2119
2077
656
2119
2077
366
2077
2119
2077
2119
2077
366
2077
366
2077
2119
2077
656
2119
2077
2119
2077
649
1119
649
1119
366
43
366
2077
366
2077
2119
2077
366
1207
1255
2119
2077
366
2077
366
2077
2119
2077
366
2077
2119
656
2119
2077
366
2077
1119
649
2077
2119
2077
2119
656
2077
366
2077
2119
649
1119
2072
366
1575
43
366
2072
1119
2072
43
2072
43
2072
43
759
1207
202
759
1207
1575
759
1207
759
202
862
202
43
1207
1145
1207
759
1145
759
1575
43
202
862
202
2701
202
759
1575
1207
1575
43
1575
1207
759
1145
1255
1207
759
1207
759
1207
202
759
1575
1207
1575
1207
1575
1207
1575
202
759
202
759
1145
1255
1661
1255
2119
2077
2119
2077
366
1207
1575
202
862
202
1145
1207
759
1255
2119
2077
2119
1255
1661
1255
1207
1575
1207
759
1255
1145
759
1255
1207
759
1255
759
1207
1575
1207
1575
366
43
2072
366
2072
366
1207
1255
1145
759
1255
759
1207
1575
1207
759
1207
759
1255
1145
1255
1145
1255
759
202
759
1145
759
1207
202
1207
202
1207
1145
759
1207
759
202
759
1145
1255
1145
759
1145
1255
2119
1255
1145
759
1145
1255
2119
1255
759
1145
759
1207
1255
759
1207
1575
1207
202
862
2701
862
184
2701
2218
184
2218
184
862
2701
862
1973
862
2701
1207
1575
43
1575
1207
1255
1207
202
2701
184
2218
184
862
2701
862
202
862
2701
862
202
1207
43
366
2072
366
2072
1119
2072
43
1116
529
1116
529
1116
529
1116
529
1116
529
1116
529
1116
529
1116
529
1116
529
1116
529
1116
529
1116
529
1116
529
1116
529
1116
529
1116
529
1116
529
43
1575
43
529
1116
529
1116
529
43
202
862
2701
202
759
1207
202
1207
43
1575
43
2072
717
2389
1119
649
1119
649
366
43
1575
43
202
43
366
2072
43
2389
717
2389
717
43
2072
2077
2119
656
2119
2077
366
2072
2077
366
2077
2119
2077
366
2077
1255
2119
656
2119
2077
366
1207
2077
366
1207
366
2077
649
1119
2072
366
2077
649
1119
99
2580
1119
649
1119
649
2077
366
2077
2119
2077
649
1119
2580
1119
649
1119
2580
99
2662
2661
2662
1119
649
2077
2072
366
2077
1119
2580
99
2580
99
2662
2661
2662
99
2662
99
2580
2662
2661
2216
2661
649
1119
2661
2662
99
2580
1119
2072
1119
649
1119
649
1119
649
2661
2216
2661
2216
2661
2662
99
2580
99
2580
99
2662
2661
2216
2661
2662
99
2662
2661
2216
656
2216
656
2695
1227
2216
2661
2216
656
2216
99
2662
2580
99
2662
2580
1031
2580
99
2662
2661
2216
2661
2662
99
2662
2661
2216
2661
2216
656
2216
2661
2662
99
2580
99
2662
2661
2216
2661
2216
2695
521
2695
1227
2216
656
2119
2077
2119
656
2216
2661
2216
2661
1227
2624
1227
2695
1227
2695
1725
2273
1520
2273
1725
2695
1725
2695
521
930
521
930
1661
656
2077
2119
1661
930
521
930
1661
930
1661
930
521
930
521
930
1661
2285
1255
2285
1506
2285
2602
1973
2602
2285
2602
1506
2602
2285
1255
1145
1255
1145
1255
2285
2602
1973
2602
2285
2602
1973
2701
1973
364
2663
182
1095
1048
1488
2703
858
2663
182
1506
2663
1506
2663
1506
2285
2602
2285
1506
2285
1661
930
2661
649
1119
649
1119
2580
1119
2072
43
366
1207
1575
1207
1575
1207
43
2072
366
2077
366
1575
1207
1575
1207
759
202
1207
1575
1207
202
759
1255
1145
1255
759
202
1207
1575
1207
1575
1207
759
1207
1575
43
529
43
366
2077
366
43
366
1145
759
1575
43
2072
717
2389
717
2389
717
2389
717
2389
717
2389
717
2389
717
2389
717
2389
717
2072
717
2389
717
2389
717
2389
553
2389
717
2389
717
2389
717
2389
717
553
717
2389
717
2389
717
2389
717
2389
717
2389
717
2389
717
2389
717
2389
717
2389
717
2389
717
2389
717
43
717
2389
717
553
1364
173
1364
553
1364
173
2049
553
1364
173
2049
553
2049
2213
1402
173
1364
173
553
2049
1364
553
2049
553
1364
553
2049
173
1364
173
1402
2213
2049
553
2049
553
2049
553
2049
553
2049
553
2049
553
2049
553
1364
173
1402
1364
553
2049
1402
1089
375
1089
375
1089
1402
1089
375
562
32
173
1364
173
1402
2213
2491
2213
2491
2213
1402
2213
2491
755
2193
755
2491
2213
2491
2213
2491
2193
1837
588
1837
588
755
588
1837
2193
1837
588
755
2206
1313
2190
1313
2206
1313
2206
1313
2190
821
1710
1842
1710
1905
1710
2029
1858
1772
2284
302
2547
302
2284
1343
2307
2186
2310
2186
2547
2186
2310
2547
2186
2310
2186
2310
2203
862
2701
184
1205
2701
862
202
2701
862
2701
184
2218
2203
2218
2203
2218
184
2701
1973
2602
2285
2602
1973
1205
80
1485
80
1579
364
1973
1205
1973
1205
364
1530
1579
364
1973
1205
364
1205
364
1973
2602
2285
2602
1973
1205
2701
184
2203
2310
2547
2310
2203
2218
184
2218
2203
2128
2203
2128
2206
2491
2203
2128
2547
302
2190
1772
2190
1313
2206
2128
2203
2128
302
2284
1772
821
1299
1190
1299
1190
1299
1190
961
992
274
1870
175
2101
194
1870
175
2101
194
274
175
1870
194
1870
900
1309
2387
439
2387
439
1754
1117
947
2480
1754
344
439
344
2585
343
2579
1751
2579
1751
1282
1751
782
1245
782
1283
1282
1283
1282
1245
782
2001
2031
2001
2031
2001
2031
1849
1031
1245
1031
1245
1031
1849
1828
1849
1031
1849
1031
2580
99
2580
1119
649
1119
649
1119
649
1119
649
1119
2662
99
2662
99
2580
1119
2072
43
1575
1207
43
202
1207
1255
1145
759
1207
759
202
862
202
759
1145
1255
2119
2077
366
2077
656
1661
930
521
1661
2285
1506
2663
1698
1095
1698
1095
1698
2663
1698
1095
1698
1095
1698
1095
858
182
858
2474
858
182
858
182
1506
2285
1661
930
521
1425
1872
1520
1872
1520
1872
1520
1872
1520
1872
1520
2273
1872
2273
1520
2273
1725
2273
1666
627
1666
627
1666
627
1666
627
1666
1494
1333
2650
1333
2639
2350
2382
964
2382
2605
2037
2605
2037
2605
2037
2623
769
8
769
8
220
120
964
2382
120
220
1706
2214
1413
1869
1218
1410
1678
232
1218
1333
214
1333
1188
1333
989
1333
214
1333
1217
1298
2514
1298
2514
1298
2514
558
2514
1298
2514
2312
2277
2273
1872
301
1165
627
1165
586
1488
1048
1488
2703
1048
1488
1636
1488
301
376
2655
1333
2655
1333
2655
2350
2609
2350
1333
1020
1333
1494
655
1221
1725
655
1494
1217
1333
1020
1333
2397
2161
1828
2161
1683
2161
1828
69
314
69
534
857
241
857
1896
2043
1896
1395
2043
542
1134
807
1134
1097
1895
1843
816
1671
1100
896
2665
1803
2198
2347
896
2347
1231
2483
1231
1030
2645
166
2373
1716
2373
1716
912
1683
314
241
1395
420
293
420
293
534
2586
234
2586
234
1357
1359
1830
1359
1357
1283
1830
483
329
467
1593
1103
417
416
461
619
416
417
2074
781
1516
2355
1516
781
2074
461
619
2542
2374
2541
2542
2541
1708
459
452
1407
1831
467
1593
1407
1831
483
470
1449
470
329
133
775
1406
2589
804
2589
775
1406
1070
2326
1070
158
1712
1587
309
1587
309
2026
980
2026
980
1454
566
567
565
566
567
565
1454
1557
669
1246
1064
1246
1484
1585
1433
1585
1484
1246
893
1246
1065
1246
2383
1246
894
1246
325
1585
2092
1585
2068
827
1246
278
1246
1983
1594
1894
715
1894
715
2251
465
2251
465
2042
1584
2042
824
2325
2442
2325
2442
1417
1911
1417
1911
832
2379
832
2379
409
1620
409
810
2144
679
1712
158
1356
1898
2443
1356
1797
2585
1797
2443
804
1449
1898
343
1990
32
1990
32
1990
562
32
1990
1364
32
1990
32
562
1089
562
375
900
1309
900
1309
2387
344
947
1117
2480
978
345
978
345
1884
2272
1884
2272
1084
606
1461
606
1461
2212
551
2212
551
253
2435
253
2435
758
2362
999
2362
2502
1746
1344
508
1680
821
1772
2029
1858
2029
1710
1858
1710
1495
1710
64
2687
64
1905
2687
859
1106
859
1106
2227
2504
2227
1798
2270
2195
2270
2165
2195
1009
1984
3
969
1183
2672
1009
1329
2196
311
1984
311
159
1329
2196
1776
1022
1776
1022
585
1304
585
1304
869
2721
2283
2422
2283
869
631
812
631
812
2721
2175
2045
2006
2045
2006
1639
2729
2169
2729
2200
1505
170
1864
170
1505
527
1642
119
2123
2709
1522
2123
2709
779
2170
779
2163
779
780
779
1296
779
22
779
1311
317
1612
1783
1612
820
1515
779
2163
779
1296
779
1271
1783
2124
134
1096
526
1864
2200
1667
2597
1664
1836
225
578
1667
1639
526
1096
2167
2169
2167
2187
1057
2199
2187
1057
2199
1481
604
1664
1013
2597
2713
527
761
2713
1013
1481
2135
1419
1420
647
569
647
1732
2727
1732
2727
1509
594
796
2669
1721
1230
580
2522
1522
2522
761
1878
594
1200
1236
1200
1236
2062
40
1589
1820
1574
2375
751
2375
399
68
511
2090
61
591
1631
373
743
742
454
742
454
716
1915
1938
1915
1938
2324
168
2324
1517
168
953
1517
2375
953
2375
2560
2375
2083
392
367
1934
59
713
392
367
1149
1042
1149
2622
875
2296
875
2296
2647
615
2647
2375
2083
2622
267
1280
267
1324
2025
1085
2025
363
1324
363
1085
1242
2055
1242
2055
636
749
636
749
1258
1005
1258
2375
1812
2375
1812
2375
2056
2375
1160
2375
1470
2375
751
2375
1735
2375
1952
130
1733
1302
1630
1414
1630
547
2078
2561
1101
2561
1865
1733
2303
256
2303
1952
2375
1470
2375
1592
2375
256
1005
2375
2056
760
2434
713
59
2434
1482
391
350
2575
157
2575
157
350
391
2632
1936
288
1936
288
2038
385
341
385
341
2644
1890
142
1890
142
757
1483
757
1000
1606
1000
891
1606
891
1631
743
591
2090
511
61
716
2414
1629
2375
615
2375
2560
2403
424
2375
1160
1592
637
640
1214
635
547
1214
967
1918
313
1845
959
1824
2168
1564
1845
313
1918
1574
1629
2375
2403
2375
1735
1865
635
2168
1564
959
1824
2528
1180
200
1172
1509
1331
578
2556
1614
1878
2670
62
2436
1111
2341
796
62
2563
2171
2166
2538
1745
2538
1468
509
1468
509
826
836
2668
836
826
1424
1763
2726
1763
1745
2166
2171
2630
1790
2630
1774
1093
1774
1093
160
227
513
227
501
2436
1111
2563
1721
2670
2669
1775
1087
1638
1846
1087
1638
1846
1877
86
1660
1230
2556
1775
1614
225
1836
2501
604
2501
569
1331
1419
1420
2135
2698
1663
347
1793
347
1663
2207
1860
654
1860
654
2693
813
1847
783
1662
502
1847
783
1662
2693
813
502
2207
1346
2201
1346
2201
972
1798
972
2127
1769
2127
1769
2525
758
2525
1697
508
1344
1680
1344
1680
508
1710
1105
1710
1842
1710
1495
1710
1842
1710
1756
1105
2599
616
2599
616
2599
616
506
2307
639
21
965
21
965
1510
965
1343
506
1105
1710
1495
1710
1756
1710
969
3
2672
78
2165
78
1665
1710
505
882
1699
1532
624
384
2720
2494
1778
2228
622
1829
622
1829
623
1532
623
2559
1295
1108
1295
2559
1108
2228
1778
797
820
1271
797
2617
1477
2617
2620
2152
2126
779
1296
779
780
779
1251
2620
1477
1014
779
1296
779
2163
779
514
779
2170
779
2732
779
2170
500
516
2204
516
2204
779
22
2205
1693
2513
1504
1693
2513
1504
1904
2478
2708
2478
2708
503
1877
503
86
1660
580
500
2170
779
554
124
2205
124
1424
2668
9
1166
9
1166
1902
1403
1902
1403
137
2051
137
2051
7
2182
171
2182
2654
1007
2526
1007
2526
1785
362
1400
2696
2415
10
2696
10
183
2705
362
2401
362
1782
2016
2613
1782
2706
2688
1308
1176
1308
1176
174
528
1157
528
1157
1786
1264
2722
107
2722
107
573
2271
573
2271
2432
378
2676
378
2676
2477
1122
2215
1055
794
2215
1055
794
1122
2477
1744
33
1744
33
1907
1375
1835
1264
1786
1835
1701
1375
1907
1979
1376
1979
1791
2490
1791
2490
2619
1228
1926
1228
1926
2012
2266
2012
2266
2619
2659
597
2659
597
273
358
2489
273
243
1724
2724
243
1274
1275
1274
1275
1903
2618
1903
2618
1861
2719
1861
2719
219
770
2692
770
2692
1044
1077
1044
1077
145
2570
145
2570
1545
2642
1545
2642
2505
525
2489
525
1178
2675
1018
2675
1018
1702
550
1381
550
1381
2616
1980
2616
2582
1913
2582
1913
1980
1178
2505
2712
1107
2178
1107
2712
2178
358
2724
1535
1724
1535
2673
633
1199
1078
1199
1078
2262
2013
802
1342
1216
70
2013
226
2013
1742
2013
1611
2013
802
2013
2054
2013
2018
1297
2013
219
771
2608
771
2608
450
449
450
449
1527
1972
1527
1610
2018
484
1610
1224
2621
1224
1630
1224
250
1224
1234
1224
191
1224
1312
1120
601
2013
2054
2013
70
2013
1158
2013
2172
1224
1010
1224
1467
1224
929
1224
1630
1972
1630
1224
1630
1288
1630
4
1630
658
1630
1224
1630
4
1630
1224
1467
1224
1630
1414
1630
1288
1630
1001
1630
1224
1630
1224
250
1224
1630
641
1630
1001
1630
1224
2730
1224
1010
1224
2730
1224
1630
1224
929
1224
878
1224
501
1224
2621
878
2013
2172
2013
1312
160
1234
1224
1110
1549
1790
1110
1549
1893
572
1893
572
1216
2013
1158
2013
1342
2371
1219
919
2606
2694
2606
2694
919
1219
1054
2013
1789
2013
1120
2013
601
2013
226
2013
1611
484
1297
2013
1054
633
174
2488
334
2488
334
1206
1104
571
1104
1206
1566
571
183
1782
1124
362
2188
362
1073
362
2208
362
2725
2393
362
1400
362
556
488
1787
488
1787
1032
1281
1032
1281
1567
1554
1437
2156
1741
1202
2396
1792
2027
2717
2027
2717
1409
2476
1409
2476
1463
2667
657
2667
657
2667
1463
779
1296
779
1267
1534
924
1904
924
192
2396
1792
570
1171
570
2529
1310
1781
1310
1781
148
272
148
272
82
2702
2532
2189
1526
2686
1382
2707
1382
2707
2686
1779
1378
1779
515
1201
515
1526
2189
2532
2702
630
82
630
1201
2223
1463
554
779
514
1014
779
2163
779
780
779
2732
779
514
779
1515
1311
1515
779
1296
779
1296
779
780
779
1296
779
22
779
1296
779
1296
779
2732
779
1296
779
1533
779
554
1267
1534
192
7
1202
1741
171
1785
362
1704
362
2263
362
81
362
1782
1198
1782
2613
2016
1782
354
1782
2691
1782
1305
2651
1555
2651
1555
2610
1384
2610
1384
1705
2226
2181
2226
2181
1957
1873
2289
1873
2289
2134
1448
2134
1448
1957
298
2674
298
2674
1780
1705
1780
1209
499
20
499
20
498
1074
1307
1074
1307
498
2432
1209
2224
1305
2224
2211
2706
2211
2688
1566
801
1782
2230
1782
362
2231
362
556
362
1782
1838
1782
2276
1782
2497
2603
258
2603
2393
258
362
1215
362
1958
1204
1203
2612
1203
2612
1958
1204
2697
1371
2697
1371
362
2725
362
81
2156
1567
1554
1437
19
2192
1171
2581
2578
2581
2578
2179
2197
2179
2197
2192
19
2529
2223
779
780
779
1296
779
1533
317
2124
134
2422
2175
1552
2202
1552
2698
1793
694
2658
694
2658
1750
791
1750
791
1325
519
1325
519
279
1759
279
1759
1859
2555
1859
2555
1823
1964
1277
1113
1277
1113
87
1112
1432
332
87
1429
65
1429
65
93
1648
93
1648
361
393
756
393
361
792
756
818
725
2333
1385
2333
1385
394
1600
394
1600
1314
1155
614
986
613
986
613
614
1155
1475
1476
1475
1476
397
1585
1736
1585
1546
1585
1546
1585
1736
1585
790
1585
438
1585
478
705
1138
705
1138
1937
2576
1937
2576
2071
1059
2071
1059
326
895
2336
895
2336
1607
981
1607
981
1942
132
100
132
100
1602
1770
1602
1770
47
48
2015
48
2015
104
1053
104
1053
676
88
676
88
629
261
629
261
548
593
2636
593
2636
548
2571
2574
445
1863
445
1239
735
1863
1239
735
650
777
1718
777
1718
320
1945
1943
1945
1943
1944
814
1944
814
101
259
101
259
2107
650
2107
2574
2571
326
2311
155
2311
155
2450
949
2450
949
2448
1908
2448
1908
928
845
2264
845
2264
1941
151
2533
1951
2337
1951
2337
2533
151
260
212
928
212
260
1941
195
866
195
866
1088
1254
1088
1254
2366
2367
429
2367
429
156
1314
156
2366
1817
1112
2465
2468
2465
2468
1628
1817
1628
265
410
265
410
411
848
411
848
2320
1335
2320
1335
2377
95
2377
95
2644
2038
2632
1280
1042
760
1483
373
1072
1351
1072
1351
1432
1747
1257
1747
1257
1823
332
1964
1539
789
971
789
792
1539
971
149
2158
149
2158
818
725
421
1689
421
1689
2234
1649
2234
1649
1061
853
1061
853
1084
1880
1965
1939
1966
1965
1966
1939
235
1880
235
992
1746
1710
505
1710
2504
1665
1710
505
1183
882
1699
5
1038
795
988
2634
504
1294
504
1834
63
2173
507
2173
1294
2173
856
123
1568
123
1568
2162
1464
2162
1464
911
2531
1382
486
1382
911
2209
2594
2343
2209
2343
2594
308
1023
1933
1807
1369
1807
308
1568
856
507
856
123
507
63
2133
2627
2126
2152
1161
1251
1161
176
1382
911
1382
2699
1382
486
1382
582
1382
582
1565
1382
1179
2274
2159
1565
2159
2274
1179
2209
196
2209
1382
2209
2594
2209
2516
2427
1496
2427
1496
497
2174
497
1193
537
1193
537
1355
1162
1163
1162
1163
2733
60
517
60
1521
2733
60
380
60
303
60
380
60
380
1026
60
201
60
303
60
201
60
303
60
2649
973
2125
11
1970
2527
557
1488
1048
1488
1039
1636
1488
1970
11
2649
60
517
310
270
2517
270
2517
270
2517
270
1083
1367
557
1367
1083
1213
568
1213
568
1625
568
1213
2527
2059
962
960
1303
1488
557
2527
2059
1488
2185
1773
1211
1187
787
1187
1345
2664
2640
1536
60
201
60
303
60
201
60
303
60
380
60
517
60
1026
2649
380
60
2733
1521
1163
1162
1163
1355
2690
203
2690
203
2261
1169
351
2137
1037
2261
1164
638
2677
1380
2677
1380
638
1164
351
60
351
2137
581
351
1037
581
351
1250
1536
60
303
60
303
60
380
60
201
60
1536
60
380
60
2733
60
303
60
1536
351
1250
60
303
60
517
60
1536
60
517
60
201
60
2733
1521
1229
161
883
2209
2305
2209
1703
2209
598
2209
598
2209
2343
2209
598
2209
1382
208
2392
2627
2133
1542
2634
1609
988
2634
988
5
1038
795
1834
1542
504
1294
1609
121
1485
1510
121
1609
121
1510
80
1485
1809
1485
1809
372
1530
1809
2269
1391
2269
1391
356
2050
299
2646
2359
1303
1488
1039
1019
1997
964
177
964
1175
1997
1019
1039
1636
1488
2540
2059
2308
1970
11
973
11
2649
1367
2527
2540
1488
1636
1039
1488
1168
1391
2269
1579
80
639
21
639
80
1579
1530
1809
1530
1579
1530
364
1205
2218
2284
1710
1697
2502
999
992
961
274
2101
900
375
1089
343
1990
32
1990
2580
99
2662
99
2662
2624
1227
2216
656
2119
2077
366
43
2072
43
529
1116
2128
2491
2128
2491
2193
1837
2193
755
2491
43
1661
1425
2474
1997
964
207
223
991
333
2509
990
763
2342
2388
1963
2388
763
2388
172
2388
1914
2592
1914
2592
122
1537
2388
512
1986
512
1986
763
1573
204
1761
135
204
1761
907
1784
907
1784
206
1016
206
1512
2120
518
2120
898
2058
1673
1670
1679
1853
1679
1853
1947
1819
1818
1819
1818
1868
1821
546
902
2217
939
776
1075
1076
968
1076
1075
776
939
522
776
968
206
2716
206
1015
206
939
776
2718
939
776
939
1232
939
776
2728
776
939
776
522
776
2728
776
939
776
939
2278
939
776
939
776
939
776
77
776
939
2280
206
1016
206
1184
939
776
939
2191
939
29
939
2652
939
2278
2638
2217
1133
708
103
708
103
1954
1731
574
974
922
1912
1024
295
671
788
2122
914
15
914
15
1570
2141
1570
2141
952
1876
952
2151
116
2535
1462
1452
116
1040
2536
1040
1011
1428
1646
1428
1646
2239
846
2239
846
2148
560
2148
560
2361
285
2361
285
2679
2253
917
1462
1452
2535
932
1767
1094
2151
1094
374
425
1590
425
1590
435
2553
2472
1326
612
2007
1139
2587
382
872
382
2587
720
36
720
1327
1474
2075
76
1561
114
872
114
943
2075
2430
349
2098
2407
2409
1714
746
349
943
76
2229
1339
2378
1434
2446
1737
851
2376
851
216
1137
1969
495
772
946
772
1916
835
1657
1805
1657
1805
736
1857
736
1857
1749
675
1749
675
1722
395
1755
1881
1582
129
395
2487
129
1755
1582
1881
189
1066
1404
1405
1066
1405
762
1862
1443
946
1443
1862
762
2110
1993
2648
1993
2648
2110
2423
324
323
324
2423
2503
748
1052
748
2503
1052
2548
164
141
164
141
687
1540
1092
753
1082
1068
707
1909
1473
1909
2548
1135
2653
1135
2653
533
683
1541
683
1541
667
668
667
668
2584
255
940
997
940
997
255
2584
942
941
942
941
1768
785
2596
2241
2596
785
2241
664
2246
664
2246
249
52
811
2685
331
532
331
532
54
555
1082
1068
2553
753
1930
659
1416
2109
2631
2109
1431
466
1431
477
1930
1081
659
545
1370
2339
1370
2339
2258
545
561
85
2243
2258
2252
16
451
16
451
481
2633
1540
687
2633
1473
707
435
2472
407
2302
1561
2302
904
2601
1389
2233
2601
407
1985
918
1326
106
1985
918
612
1139
374
1306
1876
1306
2252
342
1659
699
788
2243
85
477
561
466
1656
1653
1989
337
222
1398
222
1550
840
2118
2374
1708
459
452
1103
2355
133
2459
1450
2459
1450
2111
2466
744
2466
1518
984
1960
984
693
1260
693
1260
1571
2030
1892
798
1892
798
413
1379
413
1603
413
1596
1130
1652
1130
1652
2298
2242
829
2242
829
2338
2014
2338
1927
2500
2539
418
2539
2500
492
2157
328
2157
328
626
2424
139
2424
139
2236
163
1336
163
1336
2236
1981
2116
2222
2221
2222
2221
2116
1597
1959
1597
1959
747
726
747
726
1981
1330
849
1330
849
213
1601
213
1601
2327
2286
2334
833
830
2042
1960
2552
2550
2413
1192
2413
2550
368
2111
1338
1734
810
1246
1585
2469
2417
944
2417
933
1585
1727
79
320
79
1727
438
1585
2068
2449
1246
954
1585
1099
1585
933
2092
1585
790
1585
937
950
803
950
803
937
1585
2220
1688
2220
1688
1585
1709
1585
1709
1585
2257
1585
1099
1585
1246
1935
1246
1585
1433
1585
2321
827
1292
2319
1246
2383
1246
2094
1246
1292
1065
1246
1064
1246
325
954
1585
1709
1585
2469
352
1246
1557
669
1246
2319
2449
1585
2257
1585
1099
1585
397
2321
1585
478
1585
843
2327
626
402
2249
2147
2452
2147
2452
1129
1127
1129
1127
975
2067
696
2067
1617
975
1889
2104
1889
2104
2117
2454
2112
1538
2112
1538
2461
2498
2461
2498
738
2292
2021
1766
2292
1766
2247
809
2247
809
2499
2021
2499
2023
799
539
799
1713
1487
2380
1487
2380
2441
1760
2441
1760
549
662
549
662
1465
741
327
471
1711
1879
1711
1879
471
1875
485
97
1388
2404
1388
2404
2479
427
2087
427
2479
2087
2003
128
2103
128
1426
1583
2143
2458
2143
2458
2103
1426
1583
1581
167
1581
167
1427
718
1427
718
719
322
719
322
127
1923
819
1923
819
97
485
327
741
1465
2020
2117
2020
2454
1479
1480
1479
1480
2023
1713
2402
539
2402
23
956
23
956
533
678
323
678
1291
1753
2481
1753
2481
1875
370
480
1238
480
1238
2002
127
370
369
1887
369
1887
2002
2003
402
2249
492
2684
733
2684
1272
1927
418
1272
733
926
927
2298
927
926
1617
696
455
2034
455
2034
691
58
2153
1626
58
1626
691
2153
1768
54
1092
1389
2233
495
1916
835
252
1404
252
189
1651
1811
1651
1811
2519
1256
2519
275
1256
404
457
2008
30
1633
404
865
30
1633
865
457
2008
2390
2145
2390
2145
321
453
1921
453
1921
321
538
1322
538
1322
98
479
98
479
985
2097
712
2097
712
415
697
1253
697
1253
428
2293
2282
852
1686
910
83
1519
1418
564
1394
910
1686
83
2282
2293
428
1121
1131
1321
1131
1321
2309
2033
2309
2033
2095
190
2095
190
2358
2099
645
2099
389
645
408
2399
408
2399
73
1715
73
886
887
885
1063
2053
2473
2358
2473
2053
1063
887
886
50
1418
2657
673
1156
564
673
1726
73
92
73
2318
73
2318
890
73
2357
1043
2456
1050
2154
1050
2456
1043
2357
1471
1726
73
1715
73
102
73
2369
73
294
73
50
1519
885
73
963
73
890
73
2369
92
73
877
73
294
73
2360
888
2660
2360
1051
2660
1051
102
2294
1543
2294
1543
94
89
94
89
897
1643
897
1643
1644
263
2155
263
2155
1644
2079
434
888
1946
1508
1946
1508
434
2079
389
646
2047
646
1286
2047
1286
2081
2482
2081
2482
489
2041
934
2041
2370
1263
2370
1263
934
489
2457
2240
1507
2004
1507
2004
2457
2240
880
2453
880
2453
1121
415
1259
1640
1259
1640
985
2084
852
1816
216
1137
51
1434
51
1737
1968
1340
2086
1968
1340
2086
746
1572
1974
1572
1289
2352
1616
2154
1974
2352
35
2100
35
2100
1289
2306
406
2306
620
1822
1025
165
1248
165
1248
1025
1822
690
215
1393
690
215
1393
1729
1423
1729
1423
1067
2301
1067
2301
422
1605
422
1605
242
2295
242
2295
1739
1439
2405
1447
847
1447
847
2405
1439
1739
536
2106
536
2106
2626
1621
1650
2626
1621
1650
1460
1028
1460
1028
903
138
1658
871
2044
138
2044
936
1767
932
936
871
2536
2426
951
2426
1098
2349
2299
1029
2682
621
2604
1691
426
1691
426
2604
621
938
1240
1401
1240
1401
1950
2281
1243
2281
1243
45
739
45
739
1441
224
1441
224
193
2267
2554
839
2554
839
2437
1886
2437
1886
1967
193
2267
2385
146
723
146
723
67
1347
67
1347
340
935
340
935
1950
2385
1967
2096
476
2329
476
2329
1988
383
1988
383
1387
2096
1387
2132
1446
1551
2132
1446
983
377
2009
377
2009
595
386
595
386
674
2537
2005
2250
2005
2250
674
2537
37
983
37
1551
181
831
181
338
1360
831
1360
1396
2562
150
1396
2562
150
1714
2409
1156
1394
2376
2084
1816
1722
2487
1524
275
1524
2291
126
1931
126
1931
2291
1291
738
2265
1653
2217
994
206
1854
206
1415
206
763
2342
763
2388
71
2388
1833
2388
1537
2388
763
1341
763
1748
763
2388
2512
2388
1963
2388
2512
2388
763
1573
763
1173
763
577
763
1341
763
2388
763
2388
793
2388
71
2388
1833
2388
172
2388
763
1497
2314
206
1415
206
1235
1497
763
577
763
135
1386
1851
1676
14
1676
1851
1196
268
1577
1194
1577
1194
1801
1189
1801
1189
1421
1675
1421
1422
729
96
2429
842
1762
230
1374
2085
2149
1374
1003
1069
1627
1422
776
939
1226
2217
559
2217
2638
2139
206
1208
206
1015
206
199
2256
1512
206
1854
206
2718
939
2191
939
2280
206
1208
206
518
1578
2615
1079
964
899
964
1175
881
2609
881
1175
964
1773
2185
1488
2185
1488
1773
1211
964
1932
291
1488
2540
1488
1019
301
881
2609
376
1165
1039
1488
1048
1488
2703
858
182
2663
182
858
182
1506
364
639
2307
506
1343
1756
1710
1905
1710
2202
590
1977
55
40
1180
200
2341
2726
2344
2138
2344
2138
2654
362
2401
362
1215
362
1500
362
1782
354
1782
2230
1782
2276
1782
1704
2497
1782
496
1782
2705
362
1124
362
2188
362
2208
362
1782
496
1782
648
1782
801
1782
362
2164
362
2231
362
1782
2691
1782
1198
1782
1838
1782
648
1782
362
1500
362
2263
362
2164
362
1073
362
2046
2371
2013
2262
2673
1701
1376
1702
1899
251
1899
251
2013
1789
2013
1742
2013
2731
2046
2415
2731
2375
1934
1457
47
1457
1942
1482
2375
1630
1224
191
1224
2017
1630
2017
1630
658
1630
641
1630
2078
640
637
130
1302
1630
1224
513
779
2392
208
1382
2209
2174
2209
2516
2209
196
2209
1703
2209
2210
2209
1382
2531
1382
1850
1382
2531
1382
1850
1382
2209
883
2209
2210
2209
1703
2209
2210
2209
196
2209
2305
2209
2305
2209
1229
973
1026
380
60
2733
1521
883
2209
883
2061
960
1488
376
2421
1333
2650
1333
214
1333
2650
1333
1165
557
1367
310
517
60
1026
201
60
303
60
303
60
201
568
1625
2517
1345
964
1333
1188
1333
376
301
1019
291
1488
1303
2359
356
1382
1378
779
1014
779
2732
779
159
2494
2720
384
624
1382
60
380
60
201
60
2733
1521
2516
2209
1382
2699
1382
176
779
22
779
780
779
2163
779
1296
779
1296
779
1533
1642
119
1172
2528
2048
108
632
1820
55
68
2414
2375
424
2375
632
2048
108
967
1101
2375
399
1589
2062
1977
590
1653
1474
2098
73
877
73
963
1471
338
2114
2429
266
1623
1151
283
2429
1017
2429
244
2429
153
1008
153
414
1687
286
2484
889
995
1003
1374
1976
1764
1352
2372
17
1653
2290
2304
1114
1898
2579
562
2585
2579
2118
840
337
602
1653
1659
36
1616
2407
2657
2430
1327
2007
481
400
731
2244
731
2244
555
400
106
904
1969
2378
2446
1339
2229
1658
406
620
903
666
964
1211
