x
1
2131
1
2640
1
2131
1
2640
1
2131
1
2131
901
2689
1478
2439
1478
2439
359
1743
1478
2689
1929
2689
901
2689
901
2689
1478
2689
901
2689
1478
1743
1962
1743
359
1743
1962
2664
2640
2664
2640
2136
2640
2664
359
1743
359
599
1187
599
1345
599
1187
599
1345
599
1187
599
359
599
1345
1187
599
1187
599
1187
1345
1211
207
787
207
223
991
333
861
2509
861
333
2509
333
991
333
991
333
991
333
2506
1707
2506
333
991
333
2509
861
2509
861
2509
861
2509
861
2509
861
2509
861
2509
861
1929
1928
2689
1928
1929
1928
1929
1928
1929
1928
1929
1928
1929
1928
2715
2614
2194
353
2194
1995
172
1537
122
2671
122
1537
122
1537
122
1537
122
1537
122
2671
122
1537
122
2671
122
2671
122
1537
122
2671
1560
1498
1493
1498
1560
1498
1493
1498
1493
1498
1493
1498
1560
1498
1493
1498
1493
1498
1493
1056
1995
172
1537
172
793
172
1995
1056
1995
1056
1995
1056
1995
1056
1995
1056
1995
1056
1995
2194
1380
353
1164
1169
1164
638
1164
2677
1164
1169
1164
1169
351
1037
351
1037
581
1037
2261
203
1355
203
2690
203
1355
203
2690
203
2690
1193
1496
2174
1703
2516
1703
2174
2210
1179
2174
2210
1179
2210
1179
2210
2174
1179
2174
2210
2174
1179
2210
2174
1179
2210
1179
2274
1179
2174
1179
2274
1179
2274
1179
2274
2159
1565
486
1565
2159
1565
582
1565
486
582
486
582
486
1382
486
1382
486
1382
2699
63
1834
1542
1834
63
208
2699
208
63
1834
63
2699
208
63
208
2699
63
1834
63
1834
63
2699
63
2699
63
1834
795
2133
2627
2392
1850
2392
2627
2392
2627
2392
2627
1295
2559
1295
2559
1295
1108
1295
1108
1295
1108
1295
2627
2126
2627
2126
2627
2126
2152
2126
1161
1850
1161
2126
2392
1850
2392
1850
2392
2627
2392
1161
2126
1161
2126
1161
2126
2152
2126
2627
2133
1038
5
1699
5
616
2599
1756
1343
1756
1858
2029
2284
1772
821
1299
1190
1299
821
1299
1190
1299
821
1299
1190
1299
1190
1299
1190
1299
1190
1299
1190
1299
821
1772
2284
2029
1858
2029
2284
1772
2190
1313
2206
1313
2206
1313
2206
1313
2190
1313
2206
1313
2206
1313
2206
1313
2206
1313
2206
1313
2206
755
2193
588
1837
2193
588
1837
2193
588
2193
1837
588
1870
175
194
175
1870
175
194
175
1870
175
1870
175
1870
175
194
274
194
175
1870
194
175
194
274
961
274
961
992
961
992
961
274
961
274
961
274
961
274
1190
1299
821
1772
1858
2029
1858
2029
1858
2029
1858
2029
1858
2284
1858
2029
1858
2029
1858
2284
1858
2029
2284
302
2284
302
2547
2186
2547
2186
2310
2186
2547
2186
2547
2186
2547
2186
2547
2186
2547
2186
2547
2128
2203
2128
2203
2547
2186
2310
2203
2218
184
2218
184
2218
184
2701
1973
364
1973
364
1973
364
1205
364
1530
364
1973
2602
2285
2602
1506
2285
1506
2285
1506
2285
1506
2285
1506
2285
1506
2285
1506
2285
2602
1506
2602
1506
2602
2285
1506
2663
1506
2663
1698
182
858
182
858
1698
1095
182
1698
182
1698
182
858
182
1698
1095
182
1698
182
858
182
858
1698
1095
1698
858
182
1698
1205
364
1973
364
1973
364
1973
364
1579
364
1530
1579
1530
1809
1530
1809
1530
1809
1510
965
21
965
2307
1343
506
1105
505
1105
1756
1343
506
2599
616
2599
616
2599
616
2599
506
2599
616
2599
616
2599
616
2599
882
505
882
505
882
505
1105
1756
1105
505
1183
969
1183
969
1183
969
3
969
1183
969
1183
969
3
969
1183
969
3
969
3
969
1183
969
3
1984
1009
311
1009
1022
1009
311
1009
1022
1776
1022
1009
1022
1776
1022
1776
1022
1776
1022
1776
1022
1776
1022
1776
1022
1776
1304
869
2721
869
2721
869
812
869
2721
869
2721
869
2721
869
631
812
869
812
2721
812
869
1304
585
2422
585
2422
585
1304
585
1304
585
1304
585
1304
585
1304
585
2422
585
1304
585
869
2721
869
812
631
812
631
812
631
812
631
812
631
812
631
2283
2175
2006
2045
1552
2045
2167
2045
2175
1552
2045
1552
2175
2045
2175
2283
2175
2045
2175
2283
2175
2045
2175
2283
2175
2283
2175
2422
1096
1639
2200
1505
170
526
1096
526
170
526
1096
1639
2169
2167
2169
2167
2169
2167
2169
2167
2169
2167
2169
2167
2169
2167
2169
2167
2169
2167
2199
1057
2199
1057
2187
1057
2187
1057
2187
1057
2187
1057
2187
2698
1793
1663
1793
1663
1793
654
1860
654
1860
654
1860
654
1793
1860
1663
1793
654
1860
1793
654
1860
654
1793
347
1793
1663
1793
2698
1057
2187
1057
2187
1057
2199
1481
2199
1481
2199
1481
604
1481
604
2501
604
1481
604
578
604
1481
2199
1481
2501
604
1481
604
2501
604
1664
578
1664
578
1664
578
1664
578
1664
578
1664
578
2597
1013
2597
1013
2597
1013
2713
1013
2597
1013
2597
2713
1013
2597
2713
1013
2713
1846
1638
1846
1638
1846
1638
1846
1638
1087
1638
1846
1638
1846
1638
1846
1638
1846
1638
1087
2556
1230
2556
1230
2556
1230
2556
1230
2556
1638
2556
1775
1721
2556
1721
2556
1230
2556
1721
1775
1614
225
1836
225
1836
225
1836
225
1614
225
1836
1331
1836
225
1836
1331
1836
225
1836
1331
1836
225
1614
2670
2669
2670
2669
2670
2669
2670
2669
2670
2669
2670
2669
2670
2669
2670
2669
2670
2669
1775
1614
1878
1509
594
796
594
1509
594
1509
2727
1732
647
2135
647
2135
1419
2135
1420
2135
1419
2135
1420
2135
1419
2135
647
2135
1420
2135
1420
2135
647
1420
2135
1420
1732
2727
1732
2727
1732
2727
1732
2727
1732
2727
1732
2727
1732
2727
1732
2727
1732
2727
1732
647
569
647
569
647
569
1331
569
1331
1836
225
1836
225
1614
1775
1614
1775
1614
1775
2669
2670
1614
1775
1614
1878
594
796
594
1509
594
796
2669
796
2341
1172
796
1172
796
1172
2341
796
1172
2341
796
2341
1172
796
2341
1172
2341
796
2341
1172
2341
1172
2341
2528
1180
2528
1180
2528
200
1180
2528
200
1180
2528
1180
200
2528
2048
2528
200
1200
1236
1200
1236
1200
1236
1200
1236
1200
1236
1200
1236
1200
1236
1200
200
2528
1236
1200
1236
1200
1236
1200
200
2528
1180
200
2528
200
1180
200
2528
2048
108
959
1564
2168
635
967
635
1214
635
967
635
967
635
967
313
967
635
1214
635
1214
635
1214
547
658
547
658
547
658
641
658
547
658
547
658
2078
658
547
658
641
1302
641
1302
641
1302
641
1302
1733
1302
1733
2303
1733
2303
256
2303
1733
2303
256
2303
256
2303
1733
1302
1733
1302
641
1302
1733
2303
1733
1302
1733
1302
641
1302
1733
2303
256
1470
256
2303
256
2303
256
1005
1258
1005
1258
1005
1470
1005
256
1005
1258
1470
1258
1005
1258
1005
1258
1470
1258
1470
1812
1470
1258
1005
256
1470
1812
1470
1258
1005
1258
1470
1812
751
1160
2375
2403
2083
2647
615
749
636
749
636
1242
2055
1242
2055
1242
2055
1242
2055
1242
2055
1242
2055
1242
1085
1242
2055
1242
2055
636
1242
2055
1242
1085
2025
1324
363
1324
363
2025
363
1324
363
2025
1324
2025
267
1324
363
1324
2025
1324
363
1324
2025
1324
2025
267
1280
267
1280
267
1280
267
1280
267
1280
267
1280
267
1280
1042
392
2403
424
2403
2375
1160
751
1160
1592
1574
1592
1574
1629
1574
399
1574
2414
716
742
454
742
454
716
454
742
454
742
454
716
742
61
591
61
591
1631
743
1631
1606
891
1631
1606
1000
1606
1631
1606
891
1606
1631
373
1631
591
1631
591
61
591
891
1631
373
743
1631
591
1606
1000
1606
1000
1606
1631
1606
1000
1606
1631
2320
1335
2320
1335
848
411
848
1335
757
1335
2320
848
2320
848
2320
848
1335
2320
1483
1517
2414
1574
1592
1574
1629
1574
1629
1574
1592
1735
1160
751
1160
751
1160
751
1160
751
1160
2375
1160
751
2375
1160
1735
637
1735
637
1735
637
1735
637
1735
637
1735
637
1952
130
1865
2561
1101
2561
1865
130
1952
130
1865
130
1865
640
1865
130
1952
130
1952
130
1952
130
1865
640
130
1865
130
1865
2561
1101
2561
1865
2078
547
658
1001
1630
1001
1630
1001
1630
1001
1630
1001
1630
1001
1630
1001
1414
1001
1414
1001
1630
1001
1630
1414
1630
4
1972
1527
1972
1288
1972
1288
1972
1527
1972
1288
1972
1288
1972
1288
1972
1527
2608
219
2719
1861
1903
1274
1903
1274
1903
1274
1275
1274
1903
1274
1275
1274
1903
2618
1903
1274
1275
1274
1903
1861
2719
1861
1903
2262
1078
1199
1078
2262
1078
2262
1078
1199
1078
2262
1789
2618
1789
2618
1789
2618
1789
2262
1789
2618
1789
2618
1789
1611
1297
2018
1742
2018
1610
2018
1742
1158
601
1120
1742
1120
1742
1120
1742
2054
2018
2172
2018
1742
2018
1297
2018
2172
2018
2172
2018
2172
2018
2172
1742
2054
2013
226
2013
226
2013
226
2013
226
2013
226
2013
226
2013
226
2013
226
802
1342
2371
1342
2371
1342
2371
1342
2371
1342
2371
1342
2371
1219
2371
1342
2371
1219
919
1219
919
1219
919
1219
919
1219
2371
1219
919
2606
2694
633
2673
633
2673
633
2673
633
2694
633
2673
633
2694
2606
2694
2606
2694
2606
2694
2606
2694
2606
2694
2606
2694
2606
2694
334
1206
1104
1206
334
2488
334
1206
1104
1206
1104
1206
1104
1206
1104
1206
334
1206
1104
1206
334
1206
334
2488
334
2488
334
2488
334
2488
174
528
174
1157
174
1157
528
174
1157
174
1157
528
1157
528
174
1157
174
528
174
1157
1786
1264
573
1264
573
1264
573
107
573
1264
1835
1786
1264
573
1264
1835
1264
1835
1701
1835
1701
1835
1264
1835
1701
2673
1701
1835
1264
1835
1701
1375
1376
1375
1376
1979
1791
1376
1724
1376
1907
1376
1375
1376
1375
1724
1535
1724
1535
2673
1535
1724
1535
1724
1535
1724
1535
1724
1376
1375
1376
1724
1979
1376
1907
1055
2215
2477
2676
2477
2676
378
2676
2477
1122
2477
2676
2477
2676
1744
2676
2477
2676
378
2432
20
499
20
1209
20
498
20
499
20
1209
20
2432
2271
1744
2271
573
2271
378
2432
1209
20
1209
20
499
20
498
1074
1307
1122
1055
2215
1122
1307
1074
1307
1074
1307
1122
794
1055
1907
1055
2215
1055
2215
1055
2215
1122
2215
1055
2215
1055
794
1055
2215
33
1744
33
1744
33
1744
33
1744
2271
1744
33
1744
33
1744
2271
573
2722
573
2722
1264
2722
573
107
298
1873
2289
1873
298
2674
298
1873
298
1873
298
1957
298
2674
1780
1705
1780
2674
298
1873
298
2674
1780
1705
1780
1705
1780
2226
1780
2674
1780
1705
1780
1705
1384
2610
1384
2610
1555
2224
1448
2224
1305
2224
1305
2276
2230
2276
2230
2691
496
1198
496
2691
496
354
496
354
496
1198
2497
1704
2725
1500
2725
1704
2725
1704
2497
1704
2497
1704
2497
1704
2603
258
2393
258
2393
258
2603
258
2393
258
2603
258
2393
258
2603
258
2603
258
2393
2725
1704
2497
1704
2725
1500
2725
1704
2497
1704
2725
1704
2725
1500
1073
2263
1073
2263
1073
2263
1073
2263
496
2263
1073
2263
1073
1500
1073
1500
1073
1500
1073
2263
648
1838
648
1838
648
1838
648
1838
648
1838
648
1838
648
1838
648
2705
648
1838
2691
496
354
496
2691
496
2691
496
1198
496
2691
2230
2276
2230
2276
2230
2691
2230
2276
2230
2276
1782
2276
1782
2276
2230
2276
2230
801
1566
801
2613
571
1566
801
1566
571
1566
801
2613
2705
1124
2705
2613
801
1566
801
2613
571
2613
2705
2613
2016
2613
2016
2613
571
2613
2016
2613
2016
2613
2016
2705
183
2705
648
1838
648
2705
1124
2231
2401
2164
362
2164
362
2164
2208
81
2188
81
2188
81
2188
81
2188
1215
556
1215
556
1215
488
1787
488
1787
1281
1787
488
1787
1281
2612
1032
1281
2612
1281
2612
1203
2612
1203
2612
1203
1204
1958
1204
1958
556
1958
2612
1203
2612
1281
1032
1281
2612
1281
2612
1787
1958
2697
1371
2697
1371
2697
1371
2697
1371
2697
1371
2697
1371
2697
1371
2697
1371
2697
1958
2697
1371
556
362
2208
2164
2401
2231
2401
2231
1124
2231
2401
2231
2401
2231
2401
2231
2401
2231
2401
2231
2401
2231
2401
2231
2401
2164
362
81
362
2164
1400
1785
1400
2164
362
81
362
2164
362
2164
1400
1785
1400
1785
1400
1785
1400
1785
1400
1785
1400
2164
1400
1785
1400
1785
171
1741
171
1741
171
1741
171
1741
171
1741
171
1741
171
1741
171
1741
171
2182
171
2182
1202
7
2051
7
2051
7
2051
137
2051
7
2051
7
2051
7
137
1403
1166
2138
2344
2138
2344
2138
2344
2138
2654
2138
2654
2138
2344
2138
2654
2051
7
2051
137
7
1202
2182
1202
2182
1202
7
1202
2182
1202
7
1202
2182
1202
7
1202
2182
1202
2182
1202
2396
1792
2396
1792
2027
1792
2396
1792
2396
1792
2396
1792
2396
1792
2027
1792
2027
2529
570
2529
1310
1781
148
1171
1310
148
1310
2529
2223
2529
1310
2529
2223
1201
630
1781
1310
2529
1310
148
272
148
272
148
1781
1310
1171
1310
1171
148
1171
1310
1171
2179
2578
2179
2581
2179
2581
2179
2581
2578
2581
2578
2581
2578
2179
2581
2179
2581
2578
2581
2578
2581
2578
2581
2179
2197
2179
2581
2197
2192
19
2192
19
2192
19
2192
19
2192
19
2192
19
570
19
1437
1554
1567
1554
1437
1554
1437
1554
1567
1281
1567
1281
1032
1281
1554
1567
1554
1437
1554
1567
2156
1554
1567
2156
1567
2156
1567
2156
1567
2156
1741
1007
2526
2046
2415
2046
2526
2046
2415
2526
2415
10
2415
2526
2415
2046
2526
2046
2415
2526
2046
2415
2046
2526
1007
2526
2046
2526
2046
2526
2415
2046
2526
2415
2696
10
2696
10
2696
10
2696
10
2696
10
2696
10
2696
10
2696
10
183
571
1566
2688
2211
1176
1308
1176
1308
1176
1308
1176
1308
1176
1308
1176
2211
2706
2211
2688
2211
2224
1448
2134
1448
2134
1448
2134
1448
2224
1448
2134
1448
2134
1448
2224
1555
2610
1555
2651
1555
2651
1555
2651
1555
2610
1555
2224
1555
2224
1555
2651
1555
2651
2224
1305
2224
2211
1308
2211
2706
2211
1308
2688
2211
2706
2211
2224
2134
1448
2181
2226
1780
1705
1780
2226
2181
2226
2181
2226
2181
2226
2181
2226
2181
2226
2181
2226
2181
2226
2181
2226
1957
1873
298
1873
2289
633
1199
1078
2262
2618
1789
2618
1903
1275
1274
1903
1274
273
358
273
2724
273
358
273
358
2489
1980
2489
1980
1913
1980
2616
1381
1980
1913
1980
1913
1980
2616
1980
2616
1980
1913
1980
1913
1980
2489
1107
2178
1107
2178
2712
2505
2712
2505
2712
2505
2712
2505
2712
1044
2642
1044
2712
2505
2712
2505
2712
2505
2489
597
2489
597
358
273
2724
273
2724
243
2724
273
2724
243
2724
273
2724
273
597
2659
2724
273
2724
243
2724
2659
2619
1791
2490
2619
2490
1791
2490
1791
2490
2619
2490
1791
2490
2619
2266
1926
2582
1926
2582
1926
2012
2266
2619
2266
2619
1791
2490
2266
1926
1228
2012
1926
2582
1926
1228
1926
2582
1926
2582
1926
2582
1913
1980
1381
550
1381
550
1381
550
1381
550
1381
550
1381
550
1381
550
1381
550
1702
251
1545
251
1899
251
1545
251
1545
251
1545
251
1702
2675
1178
525
1178
2675
1018
2675
251
1545
251
1899
251
2642
1044
1077
1044
2692
1044
1077
1044
2642
1044
2712
1044
2642
1077
2642
1044
2642
1077
2692
1077
145
449
450
449
450
449
450
449
145
2570
145
449
450
449
450
449
450
449
145
2570
145
2570
145
449
145
2675
1018
2675
1018
2675
1018
2675
1178
2675
1018
2675
1018
2675
1018
1178
2675
1178
525
1178
525
1178
525
2489
358
2489
358
2489
358
2489
525
2505
2712
1044
1077
2692
770
219
1611
219
771
219
771
219
770
219
771
2608
219
2608
219
771
2608
771
2608
219
771
484
1297
484
1297
484
1297
484
1610
484
1297
484
1297
484
1610
484
1297
484
1297
2018
1610
484
1297
484
1610
878
1610
878
1010
878
1010
878
1010
878
1010
878
1010
878
1010
878
1010
878
250
1467
250
2621
1467
2621
4
2017
191
2017
191
2168
1564
2168
1564
2168
1564
2168
1564
2168
635
2168
1564
2168
2730
929
1224
191
1224
929
1224
191
1224
1467
1224
929
1224
929
1224
929
1224
929
2730
929
1312
1234
1312
1234
1312
1120
601
1158
601
1120
1312
1234
1312
1234
1312
1120
1312
1234
1010
1234
1312
1234
1312
1234
1093
160
1093
160
1093
160
1093
160
1093
160
1093
160
227
513
1774
513
227
513
2563
62
2563
2171
2563
513
2563
513
1774
227
513
227
1774
227
1774
227
1774
513
227
1774
227
513
1774
227
513
227
1774
1093
1774
513
1774
2630
1790
2166
1790
2630
1790
1549
1110
1549
1110
1549
1110
1549
1110
1549
1110
1549
1110
1549
1110
1549
1790
2166
2538
1745
2538
2166
1790
2166
1790
2630
1790
2166
2538
1468
509
1468
509
1468
509
1468
509
1468
509
1468
509
1468
509
1468
509
836
2478
836
1424
826
836
1424
836
2478
836
1424
1763
2726
1763
1745
2538
1745
2538
1745
2538
2166
2538
1468
2538
1745
2538
1745
2538
1745
2726
1763
2726
1763
2726
1763
2726
1763
2726
1763
2726
1763
1745
1763
2726
1763
2726
1745
1763
2726
2171
2563
513
1774
1312
1742
1120
601
1158
601
1158
601
1158
601
1120
601
1158
601
1158
601
1110
1549
1158
70
1216
2731
1216
70
1216
1342
802
1054
802
1054
802
1054
802
1054
802
1054
802
1342
802
1054
1342
802
1054
802
1342
1216
572
2731
1216
572
1893
572
1893
572
1893
572
1893
2344
2138
1166
9
1166
9
1166
9
1166
9
1166
9
1166
9
1166
9
1166
9
1166
9
2668
836
2478
2708
2478
2708
2478
2708
2478
503
86
503
1877
503
86
503
1877
503
1877
503
1877
503
1877
86
503
2708
2478
836
826
836
1424
836
2668
836
2668
836
2478
2708
503
86
124
2205
2513
2205
124
86
124
1504
124
2205
124
2205
2513
1504
124
2205
2513
1693
2513
2205
2513
1693
2513
1693
2513
124
2205
124
2205
124
2205
516
2204
22
2170
22
2204
22
2170
22
2170
22
2204
22
2170
22
2204
500
2204
500
2204
500
2204
22
2170
22
554
2476
554
2170
2732
2709
2123
1522
2123
2709
2123
2709
2123
2709
2732
1533
2732
1533
2732
1533
1311
317
1642
317
1642
119
1642
1271
1311
317
1642
317
1642
317
1311
820
1311
1533
1311
1533
2732
2709
2732
2709
2732
2709
2123
1522
580
761
580
1660
580
761
580
761
580
761
580
1660
580
761
580
761
580
1522
2123
2709
2123
1522
2522
1522
2123
1522
580
761
527
1505
527
1505
527
1505
527
1505
527
1505
527
1505
527
1505
527
1505
527
1505
527
1505
527
2522
761
1522
580
500
2204
22
2170
22
2204
500
2204
500
2204
516
124
1504
1904
1403
1902
1403
1902
1403
1902
1403
1904
1403
1902
1403
1902
1403
1902
1403
1904
1504
1904
1504
1904
1504
1904
1504
1904
1403
1904
1504
1904
1504
1904
1267
1534
924
192
1534
192
924
192
924
192
1534
192
1534
924
1534
1267
1534
192
924
192
924
192
1534
1409
1534
924
1534
192
1534
924
1534
192
924
192
2717
2027
1792
2396
1792
2396
1792
2027
2717
2476
1463
2476
1463
2476
1463
2476
1409
2476
1463
2476
1463
2476
1463
2667
657
2667
657
2667
657
2667
657
2667
657
2667
657
2667
657
2667
657
2667
657
2667
657
2223
2529
570
19
2192
19
570
2529
1310
1781
148
272
148
82
2702
82
148
1171
1310
1171
148
272
82
148
82
2702
82
2702
630
1201
630
1201
630
1201
630
1201
630
1201
630
1201
630
2702
2532
2686
1526
2686
2707
176
2707
2686
2707
2686
1526
2532
1526
2189
1526
2189
1526
2189
1526
2686
2532
1526
2189
1526
2686
2707
2686
2532
1526
2189
2532
2686
2707
1378
1779
2163
780
1296
780
1296
780
1296
780
1296
780
2163
780
1296
780
514
2163
1296
779
1296
2163
1779
515
1779
515
1779
2163
1779
1378
2686
1526
2686
2707
176
1378
1779
1378
1779
515
1779
1378
1779
515
1779
2163
514
1251
514
2163
780
1296
780
1296
779
1296
779
1296
1533
820
1515
820
1515
1311
317
1642
317
1642
119
526
170
1864
2200
1667
2200
1864
2729
1639
1096
1639
2729
1639
1096
1639
1096
526
170
526
170
1864
2200
1639
2200
1667
2200
1667
2200
1667
2200
1667
2200
1639
2729
1639
2006
2045
1552
2202
2207
502
1847
502
1662
502
1346
2207
502
2693
813
2693
813
2693
813
2693
502
1662
1847
783
1847
783
1847
783
1847
783
1847
783
1847
783
1847
783
1847
783
1847
502
2693
654
1793
347
1663
1793
2207
1346
2201
1346
2201
1346
2201
1346
2201
1346
2201
2202
2201
1346
2201
1346
2201
972
2127
972
2195
2672
2165
2672
2195
2672
1009
1984
1009
1984
311
384
2720
384
2720
1778
2228
1778
159
1778
2228
1778
159
1778
1329
2494
1329
2196
1329
1778
1477
1778
159
1778
159
1778
2720
2494
1329
159
1329
2196
1329
2196
1329
2196
134
1783
134
1783
134
1783
134
1783
134
1783
134
1783
134
2124
134
1783
2124
134
2124
1783
1612
1271
1612
1271
1612
1271
1612
317
1612
1271
1612
1271
1612
1271
797
1271
1612
797
1271
820
1515
1014
1251
1014
1251
2620
1251
1014
1251
1014
1251
1014
1251
1014
1251
1014
1251
2620
1477
2617
1477
2617
1477
2617
1477
2617
1477
2617
1477
2617
1477
2617
1477
2617
1477
2617
1477
2617
1778
622
1532
623
1532
622
1829
624
1532
624
1532
623
1532
624
1532
623
1532
623
1532
624
1829
622
1829
622
1829
622
1829
622
1829
622
1829
622
1532
622
623
1532
882
1699
622
2228
1778
1108
1295
2152
2126
2627
2133
795
988
795
988
795
2133
795
63
507
856
1568
856
1568
856
507
856
507
856
507
856
123
1568
123
1568
1464
2162
1464
1568
1464
2162
1464
2162
1794
372
1438
1794
1438
372
1794
1438
372
1794
372
1794
1438
1794
372
1438
372
1794
372
2162
1794
1438
2269
1391
1955
1168
1955
1391
2269
1391
2269
1391
1955
1168
1955
1168
1955
1391
1955
1168
1955
1168
1955
1168
2359
356
1350
356
2359
356
2359
254
2646
2050
2646
254
2646
254
2646
254
2646
2050
2646
254
2646
254
2646
254
2646
2050
299
2050
299
2050
299
1970
2527
1970
2527
2540
2185
557
2527
11
2649
1026
2649
1026
2649
1026
2649
1026
2649
1026
2649
1026
1229
1026
2649
1026
2649
1026
1229
2649
11
973
1229
973
2125
973
2125
1694
1023
1694
1023
1933
1350
356
2359
356
2359
356
1350
1933
2050
1023
1933
1350
1933
1023
1694
1023
1694
1023
1933
1350
356
1933
1350
1933
1350
1933
1023
2050
1350
1933
1350
356
1350
1933
1023
1933
1369
1807
1369
1807
1369
1807
1369
1807
2162
372
1438
1794
2162
1807
308
2594
2209
1703
2209
1703
883
1703
883
1703
2209
196
2210
2209
1703
2516
1703
2516
2427
1496
1193
1496
1193
1496
497
1496
2174
497
1496
2427
1496
2427
1496
1193
1496
1193
1496
1193
537
1193
537
1193
537
1193
537
1355
537
1355
1162
1163
1521
2733
1521
2733
1521
2733
1521
2733
1163
1162
1163
1162
1163
1162
1163
2733
380
2733
380
1026
1229
161
1229
161
1229
161
2268
161
1229
161
2268
2061
2268
161
1229
161
2268
2061
161
2268
2061
2268
2305
2594
598
2594
308
2594
2343
2594
2305
2594
2305
2268
2305
2594
2343
2594
598
2343
2594
2305
2594
2305
2594
2343
598
2531
911
2531
911
2531
196
2531
196
2531
196
2531
196
2531
911
2531
911
2531
196
2531
911
1568
1464
2162
1464
1568
123
1568
123
1568
123
1568
123
2173
1294
504
2634
504
1294
504
2634
1294
2173
1294
2634
504
2634
504
2634
1294
2634
504
2634
1294
2173
1294
2634
504
1542
795
988
795
1542
795
1038
795
988
2634
1294
2173
1294
504
1294
504
1294
2634
1609
121
1609
121
1510
121
1609
121
1510
121
1510
121
1510
121
1609
121
1609
121
1609
121
1510
121
1485
80
639
965
639
80
1485
80
639
80
639
80
639
80
639
965
21
965
21
965
21
965
2307
639
80
639
80
639
965
21
965
80
1485
80
21
965
2307
965
80
639
2310
2203
2128
2203
2128
2203
2128
2203
2128
2203
2218
2203
2128
2203
2128
2491
2213
2491
755
2491
2213
2491
2128
2491
755
2491
2213
2491
2128
2491
2213
562
32
1990
2579
343
2579
343
2579
343
2579
343
2579
343
2579
343
2579
343
2579
343
2579
343
2579
343
2585
344
2585
344
2585
344
2585
344
2585
344
2585
344
2585
344
439
1309
1939
1965
1939
1965
1966
1965
1966
1965
1939
1965
1939
1965
1939
1965
1939
1966
235
1880
235
2101
235
2101
235
1939
1965
1966
1965
1966
1965
1939
235
1965
1966
235
1966
235
2101
1880
606
1461
1084
1461
606
1084
1461
1084
1461
999
551
999
551
2212
551
253
551
253
279
149
279
1759
279
149
2158
792
818
725
853
421
1689
421
1689
2234
1689
2333
1385
2333
1385
2333
1385
2333
1385
2333
1385
2333
1385
2333
1385
394
1600
394
1600
394
1600
394
1600
394
1314
1600
1314
394
1314
394
1314
1600
1314
394
1314
1600
394
1600
394
1314
1600
1476
1475
1476
397
1476
1475
1476
1475
1476
1475
1155
614
1155
614
1155
614
1155
614
1155
614
1155
614
1155
1314
1155
614
1155
614
1155
614
1155
613
986
614
986
613
986
613
986
613
986
613
986
613
986
613
986
613
986
613
1314
393
756
393
361
1648
93
1648
93
1648
93
1648
93
1648
93
361
156
361
393
156
393
361
156
361
156
393
156
393
156
361
156
393
756
393
756
393
361
393
756
393
756
725
818
725
818
725
818
725
818
792
1539
792
2158
792
1539
792
818
792
1539
789
971
789
971
789
971
789
971
789
792
1539
789
1539
789
1539
792
1539
792
1539
792
2158
818
792
789
1539
1113
1277
1964
332
1964
1277
87
1964
1277
1113
1277
1113
1277
1964
87
1964
332
1964
1277
1964
332
1823
1747
1823
1747
1823
1747
1257
1747
1257
1823
1747
1257
1747
1432
1072
1432
1072
1432
1072
373
1072
1432
1072
1351
1072
1432
1072
1432
1072
1351
1072
1351
1072
1351
2468
2465
1112
2465
2468
1112
2468
1112
2465
2468
1112
2468
1112
2465
2468
1112
2465
2468
2465
2468
1628
410
95
2377
95
410
95
2377
95
2377
95
410
95
410
265
410
265
95
410
411
410
95
410
95
2377
1335
757
1483
757
1335
2320
1335
757
1890
757
1335
2320
848
411
410
95
410
1628
1817
1628
410
1628
1817
1628
1817
1628
1817
1628
1817
156
361
93
65
1429
65
1429
65
1429
65
1429
65
1429
65
1429
65
1429
65
93
429
2366
2367
429
2367
429
2367
2366
429
2367
2366
1254
2366
2367
429
2367
2366
1254
2366
429
2367
429
2366
2367
2366
429
2366
1254
1088
195
1088
195
1088
195
866
195
1088
195
866
195
1088
195
1088
195
866
1688
195
1088
195
1688
2220
1688
195
866
1688
2220
1688
2220
1688
866
1688
2220
949
2448
1908
2448
1908
2448
949
2448
1908
2448
1908
2448
1908
2448
2264
928
212
260
212
260
212
260
212
260
212
260
212
260
212
260
212
260
212
928
2264
1941
2264
1941
2264
845
2264
1941
2264
928
845
2264
928
2264
1941
2264
1941
2264
928
212
928
260
2264
151
2533
151
2533
151
2533
151
2533
151
2533
151
2533
151
2533
151
1951
2533
151
2533
1951
2337
1951
2337
151
2533
1951
2533
1951
2337
1951
151
1951
2337
1951
2337
385
2038
1936
2632
391
2632
1936
2632
1936
288
1936
2038
385
2038
1936
2038
1936
2038
2632
1936
2038
1936
2038
385
2038
385
341
2644
341
2644
1890
2644
341
2644
341
2644
341
2644
341
2644
1890
142
1890
2644
1890
142
1890
142
1890
142
1890
757
1335
757
1890
142
1890
757
1335
757
142
2575
157
2575
157
2575
157
2575
157
2575
157
2575
157
350
157
2575
157
2575
157
2575
157
2038
1936
2038
1936
288
2632
391
2632
1936
350
1482
2434
1482
2434
1482
2434
1482
2434
1482
713
760
713
1482
2434
713
59
1934
1042
1934
367
1934
713
760
713
760
713
760
713
1482
713
760
59
367
1042
367
1042
367
1042
367
1042
367
1042
367
1042
1934
1042
1149
2622
875
2622
1149
1042
1149
2622
1149
2622
875
2296
875
2296
2647
615
2083
2647
615
2647
2083
2403
392
2403
424
2403
424
2403
392
2403
424
2403
392
2403
2375
953
2056
953
2056
953
2056
2560
2056
953
2056
953
2056
953
2056
953
2056
953
2056
2560
2056
953
168
2324
168
1517
168
2324
168
2324
168
1517
1938
1517
168
2324
168
1517
168
1517
1938
1517
1938
1915
716
454
742
454
61
454
716
1915
716
1915
716
1915
716
1915
716
1915
716
1915
716
1915
2414
1574
1592
1574
399
1574
399
1918
313
959
1824
959
1824
959
108
959
1824
959
1824
959
108
959
1824
959
108
959
2168
191
1224
929
2730
929
501
929
2730
929
501
2436
1111
1824
1111
2436
1111
2436
1111
2436
1111
2436
1111
1824
1111
2436
1111
2436
1111
1824
1111
62
2563
62
2563
62
2563
2171
2563
62
108
632
1820
40
1589
1820
1589
40
1589
1820
40
1589
1820
1589
40
1820
632
1820
632
1820
632
1845
313
959
2168
635
1214
635
967
313
1918
313
1845
313
967
313
1918
313
1918
313
1918
967
313
1820
1589
40
1589
2062
68
1977
590
1977
68
1977
590
1977
590
1977
590
1977
68
2090
68
1977
2090
511
2090
1977
68
2062
55
68
2090
68
55
68
511
2090
511
68
1977
2090
511
68
511
2090
1977
590
694
2658
694
590
2658
694
590
694
2658
694
2658
1750
791
519
791
519
1325
519
791
519
1325
519
791
1750
791
519
791
519
791
1325
791
519
1325
2555
1325
519
791
1750
2555
1859
2555
1325
2555
1859
2555
1325
2555
1325
519
791
2555
1325
2555
1859
2555
1859
2555
1859
2555
1325
1759
279
149
279
253
2435
253
551
2212
551
253
279
253
551
253
2435
783
1847
813
2693
502
1662
502
2207
502
1662
1769
2127
1769
2127
972
2201
972
2127
1769
2127
1769
2127
1769
2127
1769
2127
1106
2227
1798
2227
1798
2227
1798
2227
1798
2227
2504
2227
1798
2127
972
2127
1106
64
1905
64
859
2525
758
2525
758
1697
2525
1697
2525
859
2525
859
2687
859
2687
2525
859
2687
859
64
1905
64
2504
64
1905
508
1697
508
1495
508
1697
508
1680
508
1697
508
1344
1680
1344
1680
1344
1680
1344
1680
1344
1746
2502
1746
2502
2362
758
2362
2502
1746
2502
758
2502
1746
2502
1746
2502
1746
1680
1495
1710
1842
1665
1842
1710
1495
1710
1495
1710
1495
1710
1495
1710
1495
1710
1495
1710
1495
1710
1495
1710
1842
1665
78
1665
78
1665
78
1665
78
1665
78
1665
78
1665
78
1665
78
1665
78
1665
78
2165
2195
2165
2195
2270
2195
2165
2195
2165
2195
2270
2195
2165
2195
2165
1798
2127
1798
2227
1798
2227
1106
859
2525
758
2502
2362
999
551
253
551
999
551
2212
551
999
1084
2272
1884
2272
853
421
853
2272
853
2272
853
2272
1884
2272
853
2272
853
1061
2234
1649
2234
1061
2234
1061
2234
1649
2234
1061
2234
1689
2234
1689
421
1689
421
1689
421
1689
421
1689
421
1689
421
1689
2234
1061
2234
1061
2234
1649
1557
669
1445
669
278
669
1557
669
1454
669
1454
679
669
278
1244
188
409
810
409
810
409
810
409
810
409
810
409
810
409
810
409
810
409
1894
715
1894
715
2251
465
2251
465
2251
715
2251
715
2379
2251
465
2251
465
2379
832
810
188
1244
188
1244
188
1244
677
1244
409
188
1244
409
188
1244
188
1244
1620
396
1620
396
1620
1619
1620
1619
396
1620
396
1594
44
1594
44
1594
44
1594
1337
1983
1337
1594
44
1594
1337
1594
1337
1594
396
1594
1337
610
1337
610
1337
610
388
1595
231
1595
231
1595
231
1595
44
1595
231
1595
231
1595
388
1595
231
1595
388
610
246
154
246
2583
246
154
246
1983
610
1983
610
388
610
1337
1594
1983
610
388
610
1983
246
154
2583
246
2583
246
154
246
2583
246
2583
246
1983
246
2583
1935
2383
1935
2383
2094
2383
1935
2383
1935
2383
1935
2383
1935
2383
1935
2383
1935
2383
1935
2383
1935
2383
2094
893
1246
893
894
893
894
893
894
1246
893
1246
893
894
893
1246
1065
1064
1065
1064
1065
1064
1065
1246
1065
1292
1065
1064
1065
1064
1065
1292
2288
1292
2288
1292
2288
1292
2288
1292
2288
1292
2319
1484
325
1484
325
1484
325
1484
325
1484
325
1484
325
1484
325
1484
325
1484
325
2449
954
2449
954
2449
954
2449
954
2449
954
2449
954
1736
2068
397
2068
1736
2068
397
1476
1475
1476
397
1433
397
1476
397
2068
1736
2068
397
2321
397
2321
827
2321
397
2321
827
2321
827
2319
1484
352
644
352
644
642
2417
642
672
944
642
944
672
1867
672
944
642
643
642
944
642
643
642
944
475
843
2039
843
628
843
2039
475
843
475
843
2039
843
2039
843
2039
843
475
843
2039
843
803
950
814
101
814
101
814
101
814
101
814
101
814
950
814
950
814
950
1944
1943
1945
1943
1945
1943
1945
950
1944
950
1945
1943
1945
1943
1945
1944
950
1945
1944
950
1944
1945
950
803
937
933
2417
642
944
642
2417
933
937
933
937
1727
937
933
937
933
2417
933
937
933
937
933
937
933
937
1727
79
1727
79
1727
79
1727
79
1727
79
1727
79
1727
79
1727
79
1727
79
1718
320
1718
777
320
1718
320
1718
777
320
1718
777
320
777
1718
777
1718
320
777
1718
320
777
1718
320
1718
777
650
2107
259
2107
259
101
259
101
259
2107
650
2107
650
320
1945
1943
1945
101
259
2107
735
1239
735
1239
735
1239
735
1239
735
1239
735
1239
735
1239
735
1239
735
1239
735
1239
1863
445
1863
2574
1863
445
1863
445
1863
735
1863
445
1863
445
1863
445
1863
445
2574
2571
445
2571
548
2571
445
2571
548
2636
548
593
548
2571
548
629
261
629
548
2571
548
593
548
2571
445
2571
445
2571
261
629
261
629
261
629
88
676
629
88
629
88
629
88
629
2636
676
629
2636
100
2636
100
1602
1770
1602
1770
47
1770
1602
1770
1602
1770
1602
100
2636
100
2636
593
2636
100
1602
100
2636
100
2636
548
593
548
593
548
593
2636
100
1602
1053
104
1053
104
1053
2015
1053
1602
1770
47
132
1942
1457
47
1457
1942
1457
1942
1457
47
1770
1602
1770
47
1770
47
48
2015
1053
2015
1053
104
1053
2015
48
2015
104
1053
100
132
1942
1457
1942
981
1942
132
1942
132
1457
1942
981
1942
132
1942
981
1607
2336
895
2336
895
2336
895
2336
895
2336
1607
2336
895
2336
895
2336
895
2336
895
2336
895
2336
895
326
2071
326
2071
1059
2071
326
1059
326
2071
1059
2071
1059
326
1059
326
2071
326
2071
326
2071
326
2071
326
2071
2311
155
2311
155
2311
155
2311
155
2450
155
2450
949
2450
155
2450
155
2311
155
2450
155
2311
155
2311
155
2450
949
2450
2576
1937
705
1937
2576
1937
2576
1937
705
1937
790
1138
705
1937
705
1937
2576
1937
705
1937
705
478
438
1546
438
478
790
1138
790
1138
705
1138
790
1138
790
1138
790
1138
790
1138
790
1138
790
1138
790
1585
1099
1585
790
1433
1709
1433
1709
1433
1709
1585
1099
1546
2257
1546
2257
1546
1099
1546
2257
1546
2257
2092
2257
1546
2257
1546
2257
1546
2257
1546
1099
1546
2257
2092
2469
2092
2469
2092
2469
2092
2257
2092
2469
2092
2469
2092
2469
2092
2469
672
1867
672
642
2418
1529
2418
1529
2418
1529
2418
1529
2418
1529
2418
1529
2418
1529
2418
1529
231
2108
710
2108
710
2108
710
1252
710
1252
710
2108
710
1252
925
1252
925
2237
925
1252
925
1528
2237
1528
2237
628
1528
2237
1528
2237
1528
2237
1528
925
1528
2237
1528
2237
1528
2237
1528
2237
1528
2237
213
1601
213
1601
213
1601
1301
233
1377
233
2335
233
1377
2335
1377
233
1301
233
2335
233
1301
233
2335
1377
2335
239
1949
239
1949
239
233
2335
233
2335
233
2335
239
544
2334
2286
2334
544
2334
544
2334
2286
2334
2286
544
2286
2334
544
2334
544
2334
544
2286
544
2334
544
2286
544
2286
441
2286
544
2286
441
398
711
398
711
398
711
398
711
398
711
398
711
398
711
398
711
328
626
328
2157
626
2157
328
626
2157
328
626
328
2157
492
2157
328
626
328
2157
2014
2338
2014
2338
2014
464
2014
464
218
464
2014
2338
2014
1927
2338
1927
2338
218
2014
464
218
464
218
464
2014
464
908
1451
908
464
908
833
908
833
908
833
1451
908
833
1451
908
833
1451
833
908
833
1451
908
1451
833
908
464
908
1130
1652
1130
1652
1130
1652
1130
1652
1130
1652
1130
1652
1130
1652
1130
1652
2298
1652
1130
1652
1130
1652
2242
1272
733
1272
2242
1272
733
2684
1129
2684
1272
733
1272
2684
1272
2684
1129
1127
1129
2684
1127
1129
1127
975
2067
1617
926
927
926
1617
2067
696
2067
975
2067
696
2067
696
1617
926
927
238
828
238
1814
238
828
2113
828
238
2467
786
1150
786
1150
18
1150
786
1150
786
2467
786
2467
786
1150
18
2467
786
927
926
927
926
927
926
927
926
1617
926
927
926
927
926
1617
927
2298
1272
2684
1272
2242
1272
2242
829
2338
829
2338
829
2338
829
2338
2014
464
2338
829
418
2539
2500
2539
2500
492
2157
492
2500
2539
418
2539
2500
2539
2500
2539
2500
2539
2500
2539
2500
2539
2500
2539
2157
626
2157
626
2424
139
2424
139
1981
2424
139
1981
139
2424
1981
2424
1981
2424
139
2424
139
2236
1336
2327
1336
2327
1336
163
1336
2327
1336
163
1336
2327
1336
2327
1336
2327
1336
2327
1330
2236
1336
1330
849
1330
849
1330
849
1330
849
1330
849
1330
849
1330
849
1330
849
2221
2222
2221
2116
2221
2222
2221
2222
2221
2222
2116
1597
2116
1597
2116
1597
2116
1959
2116
1597
1959
2116
1959
2116
2221
2116
1959
1981
2424
139
2424
1981
726
747
726
747
726
747
726
747
726
747
726
747
726
747
726
747
726
747
726
747
726
747
402
2249
2147
2249
2147
2452
2147
2249
402
2249
2147
2452
2249
402
2249
2452
2147
2452
2147
2452
2147
2452
2147
2249
2147
2452
2684
1129
1127
2684
1127
2684
1127
2684
1889
2104
1889
2104
2117
2104
1889
2104
1889
2104
1889
2117
1538
738
1538
738
1538
738
1538
2461
1538
738
1538
738
1538
738
1538
738
1538
2117
2104
2117
2020
2117
2104
2117
2104
2117
1889
2104
1889
2104
1889
2117
2020
2454
2020
2454
2020
2454
2117
2020
2454
2020
2454
2020
2454
2020
2117
2020
2454
2020
2117
2020
741
1711
741
327
741
327
471
741
471
1879
1711
741
1465
741
327
741
1711
1879
1711
1465
1711
1879
471
1875
471
1875
471
327
471
1879
471
1875
471
1875
471
1875
819
1875
471
1875
471
1875
485
97
485
97
485
97
485
97
1388
97
485
97
1388
2404
2479
2404
1388
2404
2479
2003
2479
2003
2479
2087
2479
2003
2479
427
2087
427
719
322
719
322
719
322
719
322
719
322
127
322
127
322
719
322
719
322
719
322
2002
1923
2002
127
2479
427
2479
427
2479
427
2087
2003
128
1426
128
1426
1583
1426
128
2103
1426
128
1426
2103
1426
2103
1426
2103
2458
1426
2103
2458
1426
1583
1426
1583
2103
2458
2143
2458
2143
2458
2143
2458
2143
2458
2143
2458
2143
2458
2143
2458
2143
2458
1426
1581
167
1581
167
1581
167
1581
167
1581
167
1581
167
1427
167
1581
167
1581
167
1427
718
2002
718
1427
718
2002
1238
2002
718
2002
322
2002
718
1427
718
2002
1238
2002
480
2002
1238
2002
370
480
1887
369
1887
369
1887
369
1887
369
1887
369
1887
369
1887
369
1887
370
819
1923
819
1923
819
1923
819
1923
819
1923
819
1923
819
1875
741
662
549
662
549
662
549
1479
549
1760
2441
549
1760
2441
1760
549
2441
1760
2441
1760
2481
1753
2481
1753
1291
1753
2481
1753
1291
1753
2481
1753
1291
1753
1291
1753
1291
1753
1291
1753
2481
2441
2481
1753
2481
2441
2380
1487
2380
1487
2380
1487
2380
1487
2380
1487
2380
1487
2380
1487
1713
2023
1713
2023
799
2023
799
2023
799
2023
799
2023
799
2023
799
2023
1713
2023
799
2023
799
1713
2402
539
2402
539
2402
539
799
2402
23
2499
2021
2292
2021
1766
2292
2021
2292
1766
2247
2499
2021
2292
1766
2292
2021
2499
2247
2499
23
956
23
956
23
956
997
809
2247
2499
23
956
23
809
23
956
23
809
23
2499
2023
1480
1479
1480
1479
2112
1538
2112
1538
2461
2498
2461
2498
2461
2498
2461
2498
2461
2498
2461
2498
738
2034
455
691
1626
691
455
691
455
2034
455
2034
691
455
691
2034
455
2034
455
691
2034
455
691
2034
455
2034
691
455
2034
691
1626
58
1626
58
1626
58
1626
58
1626
58
2153
785
2596
664
2246
664
2246
664
2246
664
2246
664
2246
510
854
2073
854
2073
854
510
854
2073
854
754
854
510
854
510
2073
854
510
854
2073
854
2073
854
754
240
754
618
754
240
2265
240
754
240
2265
240
754
618
754
240
754
618
240
754
240
2265
240
754
240
1548
238
1814
238
2467
238
1548
238
1814
2265
1814
238
2467
238
2467
238
2467
18
2467
18
1411
1459
1411
1459
1411
463
1411
1459
1411
1459
1411
463
1459
413
1379
1152
1379
1152
1379
1152
824
1152
1960
2552
984
2552
693
1260
2413
1192
2413
1192
2413
1192
2413
1192
2413
1192
2413
1192
2413
2550
1192
2413
2550
1260
1571
75
665
2297
1571
1260
1571
2030
1571
2297
2105
2297
2105
2297
2105
105
2105
2297
1571
2297
2105
2297
665
26
665
75
665
75
665
75
665
75
665
75
2105
105
1141
105
1141
909
1141
909
1141
105
1141
105
1141
105
1141
909
1622
1632
1622
2254
1622
2254
1622
2254
740
2254
740
2254
740
2254
740
2254
740
2254
740
2254
740
695
698
692
698
692
186
692
186
1653
692
698
695
698
695
698
692
186
692
698
695
698
692
1653
692
698
1442
698
1442
692
698
692
1653
1128
625
1412
625
1128
1653
1128
1653
1128
625
1128
1653
1128
625
1128
1653
1128
1653
1128
2091
2080
2091
2080
2091
2080
2091
2080
2091
2080
2091
2080
2411
493
2411
319
292
1453
292
1453
292
1453
292
319
292
1453
292
1453
292
1453
292
1453
292
1453
1372
178
1412
1372
178
1372
1412
1372
1412
1372
1412
1372
1412
625
1412
625
1128
625
1412
1435
1654
2330
1654
1435
1654
1435
625
2678
280
2678
494
2678
280
2678
494
2678
494
2678
494
1656
494
1656
2631
1656
2631
1656
2109
1431
2109
671
1654
671
1635
671
295
671
2631
1656
2631
1656
2631
1656
2109
1656
2631
1656
2631
1635
671
1654
2330
1654
1435
1654
2330
1654
2330
295
2330
295
2140
1270
1024
737
1024
737
766
737
1024
737
1024
737
766
737
1024
1270
2142
1270
2140
2433
2140
2433
2140
2433
2140
2433
2140
2433
2140
2433
2140
2433
2140
2433
2140
2433
2140
2433
1024
1270
1024
1270
2142
1270
2142
1270
2142
1270
1102
468
1290
468
1290
468
1290
1102
1290
468
1290
468
1290
468
1290
468
1290
1102
1290
1102
2565
237
721
237
2565
237
1912
237
2565
237
1912
237
2565
237
721
462
923
282
923
462
923
282
1731
1954
844
1954
879
1954
879
1591
284
1591
879
1954
879
1954
2300
290
348
1531
38
1531
38
1531
348
290
348
290
348
1531
38
1531
38
2577
38
2577
38
1531
2577
974
1491
974
1491
2577
1491
974
1491
2577
38
2577
38
2577
1531
2577
1531
38
2577
1531
348
1531
2577
38
112
1634
112
1634
112
1634
437
2447
109
2447
109
2447
109
2447
109
2447
437
2447
109
2447
109
2447
109
346
1285
666
752
1469
1825
1262
381
1262
381
1262
381
1262
381
922
381
922
381
1825
1469
1825
1469
1825
1469
1825
1469
1825
1469
1825
1469
1825
752
2444
2406
2444
752
2569
2406
2444
2406
2569
752
2444
752
2569
752
2444
24
1323
401
1323
401
2438
401
336
401
1323
401
2438
401
1323
401
2438
336
401
1323
401
1323
401
2438
663
336
1361
336
663
336
663
336
663
336
663
336
663
336
663
336
1361
541
2150
1143
2019
1728
2019
684
745
1177
745
684
745
1580
689
1177
745
684
745
1177
745
1177
1740
1177
689
1580
745
714
1041
113
236
2420
236
2507
236
2420
2507
236
2507
2420
236
2420
2507
236
1045
236
113
1041
714
1041
2455
1041
714
1041
113
1041
113
2420
236
113
1041
2455
1740
2455
1740
2455
2681
2455
1041
2455
2681
1826
2681
1826
2681
1826
2681
1826
2681
2455
1041
2455
1826
2681
1004
2063
1287
2340
474
2340
474
2340
474
2340
474
2340
474
2340
474
2340
474
2340
474
2340
474
2340
474
689
1580
745
1177
689
1177
745
684
745
1580
689
1580
684
745
684
2019
1143
1728
2019
1728
2019
1728
2019
1728
2019
1728
2019
684
2019
2420
236
1045
874
1045
873
1140
1840
289
1840
1140
2085
1374
2515
1374
2515
2470
685
2225
685
2225
685
2225
685
2470
1855
2225
685
2470
1154
2470
1154
2470
685
1855
2635
524
2635
1855
2635
1855
2470
1154
2470
1349
2470
1349
2470
1855
2635
524
2518
524
2518
524
2518
524
2518
524
2518
524
2518
524
1436
1681
1436
1681
1436
808
1436
1681
1436
1681
1436
808
596
1558
596
1558
596
1558
778
1558
596
1558
778
2
778
2
2176
2121
2176
2492
2176
2121
2176
2121
2176
2492
876
822
1185
2600
1185
822
1185
2600
1185
2600
1185
2600
1185
822
876
1222
2652
29
2652
1222
876
2492
2121
2492
876
2492
2121
2492
876
1222
876
2492
876
2492
876
2492
876
2492
876
2492
2121
2022
1036
2607
1036
1996
1036
2022
1036
2607
1036
2607
1036
2607
1036
2022
1036
2607
1036
2607
1036
2607
2121
1222
2652
29
939
1232
939
2191
939
1232
939
2191
939
2278
939
29
2394
29
2394
2704
2394
29
2652
29
2652
1222
2652
29
2191
939
1232
939
29
939
1232
939
29
939
1232
2280
1184
2278
1184
2280
1184
2278
1184
2256
1184
2256
1184
2256
1184
2256
1184
2256
199
2139
1365
2700
1512
1415
1512
1854
206
1854
206
1854
206
1854
206
1854
206
1854
1512
2120
1512
2120
523
898
1383
898
1383
1220
765
1220
898
1220
898
1365
898
1383
898
1365
2139
199
2139
1365
2139
199
2139
1365
2139
199
994
2278
994
2278
1226
2278
994
2139
898
1220
765
1220
898
1220
765
1220
765
1220
765
1220
765
2057
1700
2638
1226
2278
2638
2278
1184
2256
1184
2280
1184
2278
1226
2638
2278
1226
2638
1226
2638
1226
29
1226
2704
2394
29
2394
209
1233
209
1233
209
1233
209
1233
209
1233
209
2600
209
1233
209
1233
209
1233
209
1233
209
1006
2600
1006
1233
360
1547
360
1060
360
976
360
1060
2410
1827
1287
1827
1287
1827
2410
966
2410
1060
2410
1060
2410
1827
2410
1060
2410
1060
2410
1060
2410
1060
2431
957
2431
957
1799
152
1799
957
2431
957
2431
957
2431
957
2431
957
2431
957
2431
957
1799
152
1799
152
1799
957
1799
152
1799
152
1799
152
2052
335
2052
335
2052
335
2052
335
2052
335
1490
335
2052
335
1490
335
2052
1146
271
1556
271
1146
271
767
271
1556
271
1146
271
1556
767
605
863
1195
1547
863
1547
1195
1547
1195
1547
863
825
1233
1185
822
876
2656
2493
2656
2493
2656
2493
2656
2493
2656
2493
2656
2493
2656
2493
2656
2493
2656
2493
522
229
522
229
522
229
522
229
522
229
522
229
522
229
522
229
776
2728
776
2728
776
229
776
77
776
77
776
229
1641
245
1472
1996
1472
245
1641
245
1472
245
1641
245
1641
245
1641
245
1641
245
1641
245
2546
1613
2032
1613
1033
1613
2032
1613
768
2416
768
1613
576
1613
576
1613
1033
576
1613
1033
1613
768
2416
1265
1669
1265
1669
1265
2416
768
1613
768
1265
2416
768
2416
1265
2416
1265
1669
1265
2416
1265
1669
1971
1796
1971
1669
1971
1796
1971
1796
1971
1669
1971
1796
1971
1796
1971
1796
300
2391
300
2391
1422
1489
1422
1489
1422
1489
1422
1489
1422
1489
1422
1489
2521
579
1499
2279
531
530
579
1499
2279
1499
579
1499
2279
1499
1332
1499
579
1332
579
1499
2279
1499
2279
1499
2279
1499
579
2521
579
2521
579
2521
579
1332
1499
2279
530
531
530
2035
530
1276
530
1276
530
531
530
2035
530
1276
530
531
530
2035
584
1675
2365
355
169
355
169
355
169
268
169
355
1802
355
169
355
169
355
1802
2365
1577
1194
1577
1194
1577
2365
1577
1194
1577
1189
1421
584
1421
1189
1801
1189
1801
1189
1577
1194
1577
2365
1675
2365
1577
2365
1675
2365
1675
2365
1675
2365
1675
2365
1802
1668
870
1668
1795
1668
1795
1804
1795
1804
1795
1695
1276
1804
1795
1695
1795
1804
1795
77
776
77
776
77
776
2728
768
576
1613
2546
1472
1197
868
1197
868
1197
868
1197
1472
1197
868
1197
868
1197
1472
245
1472
1197
1996
1472
1996
1472
1197
1472
1996
1472
1197
868
1525
778
987
1992
987
1992
987
1992
987
2398
2711
2398
987
2495
958
2520
958
2520
958
2520
958
2520
958
2495
958
2520
958
2520
958
2520
958
2520
958
2520
958
2520
1167
563
1266
1373
1627
1373
2484
1991
2484
1991
995
1991
2484
1991
2484
1991
2484
1991
487
680
2381
680
487
1991
487
680
487
680
487
1991
995
1991
2484
1991
487
1991
995
72
2088
72
423
72
423
72
423
72
423
72
423
72
423
72
2088
72
2088
72
2088
680
487
1624
286
1687
2572
1624
2066
1151
2066
1151
2066
2381
2066
2381
1623
266
1623
2381
1623
266
283
266
2381
680
487
680
2381
680
2381
2066
1151
2066
1151
2066
266
140
1069
140
1069
423
2486
998
1841
998
1841
998
1841
998
1841
998
1841
998
1841
2486
998
1841
998
1071
1012
1071
147
2666
147
2666
2398
2711
2398
987
2398
2711
2398
2711
2398
2711
2398
2711
2398
2711
2398
2711
2398
987
1558
778
1558
987
778
1525
778
1558
987
1558
596
1558
596
1558
277
147
2666
147
1071
1012
1071
277
147
277
2010
277
2010
277
1071
277
2010
277
2010
277
2010
277
2010
147
1071
998
1071
147
1071
1012
1071
1012
1071
1012
1071
2666
889
1373
889
2484
1373
1266
563
1167
563
1167
563
1167
563
1167
563
1167
563
1167
563
1167
563
1167
563
1167
563
1266
1373
1266
1373
2484
1373
1627
1373
1627
211
286
211
286
211
286
211
286
211
286
2572
1687
2572
727
2572
727
2572
727
2572
211
2572
727
2572
727
729
728
729
730
729
728
730
728
729
2316
728
729
728
730
728
730
729
730
728
729
730
2316
1975
96
1975
1049
1975
2316
1975
2316
1975
1049
1975
96
1975
96
729
1975
1049
2219
1900
2219
1900
2219
1975
2316
1975
2219
1900
2219
1900
2219
774
1615
1608
1615
774
1615
1608
979
1608
1615
1608
979
1608
1615
774
1615
1608
1615
1608
979
2598
979
1608
979
1397
979
1608
1241
1685
1241
1685
993
1685
993
1241
993
1241
1685
1241
1685
993
1685
1241
1685
1241
993
945
660
1948
2543
1397
2543
1397
660
1397
2598
1397
2598
1397
2543
1191
660
2543
1397
660
1948
660
1948
660
2543
660
1948
660
945
660
1948
660
1948
660
1397
1608
1397
2598
979
1608
979
2598
979
2598
979
2598
1523
834
1358
834
1358
834
1523
834
1358
834
1523
125
1523
1191
651
1191
651
1191
651
1191
651
1191
651
1523
1191
651
1191
1523
125
1523
125
1523
125
1523
125
1523
125
834
1358
244
1358
244
442
2323
442
2322
442
2323
442
2322
442
2323
442
2323
442
2322
442
2322
442
2322
442
2322
2323
2322
2323
442
2322
403
1008
414
153
403
153
1008
403
153
1008
414
283
1553
1513
482
1513
1553
2248
1553
1513
1553
1513
1553
1513
283
414
283
266
283
414
283
266
1623
266
283
414
1008
414
283
414
153
403
1883
535
2429
2275
2429
535
1883
535
1883
535
1883
535
1883
842
1883
535
1883
535
1883
842
1883
842
2680
842
535
1883
535
1883
535
2429
1017
1906
1125
1906
2317
1906
2114
1125
2114
1125
2114
1906
2114
1125
2114
1125
2114
1125
2114
1125
2114
1125
2114
1906
2317
1588
2317
1906
2114
1906
1017
1906
1017
2429
535
2429
2275
1125
1906
1017
609
2595
1871
2595
1871
2595
609
2595
1871
2595
1871
456
1871
456
1871
2595
1871
2595
1871
456
2235
2680
2235
2680
2235
2680
2235
2680
2235
2680
1762
1682
1762
1682
732
1682
1762
1682
732
1682
732
1682
732
1682
732
1682
2386
722
2386
722
2386
419
2386
722
2386
1682
1762
1682
732
1682
2386
817
1408
1588
1408
817
1408
817
1408
1247
1408
1247
2255
1247
2255
1247
2255
1247
1408
1247
2317
1247
2317
1247
2317
1906
2317
1588
2317
1247
2255
739
2267
739
45
1243
1950
1401
2604
621
2604
1691
2604
935
2604
935
2604
426
1691
426
2604
621
938
1401
1240
1401
1240
1401
1950
1243
2281
1243
2281
1243
2281
1243
2281
1243
2281
1243
2281
1243
2281
1243
2281
1950
146
1950
1243
1950
146
723
67
1347
340
1347
67
1347
67
1347
67
1347
340
2405
340
2405
340
1347
67
1347
242
2295
242
2295
242
2295
242
2295
242
2295
242
2295
242
2295
242
2295
242
2295
1739
536
39
536
2106
536
2106
536
2106
536
1739
536
1739
536
1739
1439
1447
1439
1447
847
2405
847
1447
1439
2405
1439
2405
340
2405
340
1439
2405
1447
1439
340
1347
340
2405
1439
2405
340
1347
340
2405
1439
1447
847
1447
847
1447
847
1447
1439
1605
422
1605
422
1605
422
1605
422
1605
422
1605
422
1605
422
1605
422
1605
422
1360
831
181
831
181
338
181
831
181
831
181
831
181
2329
181
1360
831
181
1360
831
1360
831
1360
831
338
181
338
181
476
1387
1988
1387
476
1387
383
1387
383
1387
2329
1387
2096
1387
476
1387
476
2096
1387
1988
383
1988
383
1387
383
1387
2096
1551
983
37
1551
983
1551
37
1551
983
37
1551
983
37
983
1551
983
1446
983
1446
2132
1446
2132
1446
2132
1446
2132
1446
2132
1446
2132
1446
1551
37
983
1446
983
1551
983
386
2009
386
2009
386
595
386
377
2009
386
2009
377
2009
377
2009
386
377
386
595
674
2537
224
2250
2005
2250
224
2250
2005
2250
2005
2250
2005
2250
2005
2250
224
2250
224
1441
224
2250
2537
674
2537
674
2537
674
2537
674
2537
674
2537
674
2537
674
2537
674
2537
674
2537
2250
224
1441
193
1967
193
1967
193
1441
193
1967
193
1967
193
1441
193
1441
193
1967
193
2267
739
45
739
2267
739
2267
2554
839
1886
1967
1886
2437
1886
2437
1886
2437
1886
2437
1886
2437
1886
1967
1886
839
2437
839
2554
839
1886
839
2554
839
2554
1886
839
2437
1886
839
2554
2385
146
723
146
2385
146
2385
146
2385
146
2385
146
1950
146
1950
146
1950
146
1950
426
1691
426
1691
426
1691
426
1691
426
2604
621
938
621
2604
621
938
2682
938
621
938
1401
1240
1401
938
118
938
2682
448
446
447
913
447
913
686
913
686
913
447
913
686
285
2361
285
2361
560
2148
560
2148
560
2148
307
2148
560
2148
560
2361
285
2361
560
2361
560
2148
307
2148
560
2148
307
1738
198
1738
198
1738
198
1738
198
1738
198
1738
198
1738
198
1738
198
1738
198
1738
198
1839
589
2573
1839
589
1839
589
734
2146
589
734
589
734
2146
2573
1839
589
2146
2573
2146
2573
1839
2573
2146
2573
1839
2573
2146
2356
13
2313
1953
2313
1563
2313
1953
2313
13
2313
13
2356
2232
2356
13
2356
2232
2356
13
2356
13
2356
13
2356
2232
2356
2232
2356
13
2356
2232
13
1953
2313
1953
2313
1563
2523
1563
2523
1856
815
1126
815
1856
815
1856
2523
1856
1319
281
440
281
440
281
1319
281
440
281
1319
1856
815
1856
2523
1563
1319
1563
2523
1563
2523
1563
2523
1563
1319
1563
2523
1563
2523
1856
815
1126
815
1126
815
1126
815
1126
815
1126
815
1856
815
1126
1456
197
144
197
144
197
144
197
144
197
144
197
144
2558
1098
2349
1098
2349
1098
2349
1098
2558
1098
2558
56
2475
56
2475
56
2475
56
2475
56
1569
56
2475
1086
1569
144
1569
144
1569
1098
2349
41
2349
41
2349
41
2460
688
2460
688
2460
688
2460
688
2460
688
269
1136
34
1765
34
704
34
1136
269
1136
996
1136
704
996
704
1136
34
704
34
1765
34
1765
34
704
34
704
996
443
607
1118
607
1118
607
443
607
443
607
1118
430
1118
703
1118
703
701
703
701
703
701
703
702
1586
702
1586
702
1586
702
1586
702
1586
53
1390
53
1390
53
31
1278
31
1278
31
53
1390
53
31
53
1390
31
1278
2011
1278
31
53
31
1278
2011
1278
31
53
31
1278
31
1278
2011
2508
2011
1278
2011
2508
2011
2508
2011
2508
1349
1559
2515
1559
2515
1374
2085
2353
2085
2353
2085
2353
2085
1374
2085
2353
1140
873
1140
1840
289
1840
1140
2149
1140
873
1140
873
1140
873
874
1598
874
1598
874
1598
874
1598
806
1374
806
1374
357
1374
806
1374
806
1374
357
1153
357
1374
2085
1140
1840
289
1840
1140
1840
2149
1840
289
1840
289
1897
1690
1692
575
1692
1690
2036
1690
2036
2299
2036
1690
1897
1690
1897
1690
1692
575
1690
1692
1118
430
1118
703
1118
701
430
1118
703
701
1118
701
703
701
703
1118
607
115
607
115
1719
1058
2069
1058
1719
1058
1719
1058
2069
1058
2069
1058
1719
1058
1719
1058
1719
1058
2069
1058
2069
2425
2150
24
2150
24
2150
920
2150
412
2150
2425
412
2150
541
1143
541
1143
541
920
541
1143
541
1143
541
1143
541
1143
541
1143
541
1143
541
920
2150
24
305
24
305
24
305
401
305
24
305
24
305
1323
1764
1046
1764
1046
1764
1046
1764
1046
1764
2372
1764
1352
1764
2372
1764
491
1764
1323
2372
1285
346
2447
346
666
752
2444
752
1086
752
1825
381
922
381
1262
381
922
381
17
381
1262
17
721
237
2565
237
2565
237
2565
237
1912
1730
681
1730
681
1730
681
1730
681
1730
681
1730
681
1730
681
462
681
462
681
1730
681
1730
681
2566
2354
2566
2354
2566
2354
2566
1334
2566
2354
2566
2354
2566
1458
444
405
493
2567
493
2567
2464
2567
2464
2567
2464
2567
2464
2567
2464
2567
2464
2567
602
2567
2464
2567
602
2464
1550
840
1398
773
1398
840
1398
841
773
841
458
316
458
316
312
1486
312
1398
841
773
1398
841
773
841
1398
841
773
2118
840
1550
222
1398
222
1398
841
1398
222
1114
2304
2290
2304
1114
337
1989
337
1989
2290
2304
2290
1989
337
1989
337
1989
337
1989
337
1989
2290
1989
2290
2304
2290
1989
2290
2304
1114
2304
2290
2304
2290
2304
2290
2304
2260
1632
1771
2260
1771
2082
1771
2260
1771
312
1771
2260
1771
2368
316
312
1486
312
1771
2260
1771
2082
136
2082
136
2082
136
276
2368
276
2368
276
2368
276
2368
276
2368
276
2238
2368
2238
1353
2065
368
2065
2534
2065
368
2065
1353
368
2534
2065
368
2065
2534
2065
2534
2065
368
2065
1450
2459
1450
2111
2459
2111
1450
2459
1450
2459
1450
2111
1450
2355
1516
781
2074
781
2355
781
2355
781
2355
1450
2459
1450
2111
1450
2459
1450
2111
1450
2355
781
2355
781
2074
781
1516
781
2074
781
2074
781
2074
461
619
417
416
417
416
417
416
417
416
417
619
2541
2542
2541
619
461
619
461
619
461
619
2541
2542
2541
2542
2541
2542
619
416
417
1103
1593
1103
1593
1103
1593
1103
1593
1103
1593
1103
1593
452
1407
452
1407
452
1708
2541
2542
2541
619
2118
619
2541
2542
2541
2542
619
1708
459
420
293
534
293
1395
2043
1806
1109
1806
2331
1806
1109
1806
2331
1806
2331
1444
2331
807
1134
807
1134
807
1134
807
1134
807
1134
807
1134
807
1134
807
1134
1147
1895
2076
1843
315
1843
315
1843
816
1362
838
1882
838
1882
2557
1882
838
1882
838
1882
838
1882
2557
838
2557
838
2557
1882
2557
1882
2557
1882
2557
1882
838
1882
2557
2328
473
2328
473
2328
921
2328
473
921
2328
921
2328
473
2328
921
2462
262
1315
12
1316
12
339
12
1316
764
1316
12
339
764
1316
764
1316
764
339
12
1919
2384
472
2384
472
2384
472
2384
1919
2462
1315
2462
1315
2462
1315
262
1315
2462
1315
2462
1315
262
1315
2462
1315
262
1315
262
1315
2462
1919
472
2384
1919
2384
1919
2384
472
1223
2510
1223
472
2384
472
2384
1919
217
111
217
111
217
111
217
111
217
111
217
111
217
111
217
111
217
111
217
111
217
111
1223
1599
1223
472
1223
1599
1223
2510
1599
1223
2510
1223
2510
1223
1599
1223
2510
1223
2510
339
12
339
764
339
764
339
12
339
764
1316
764
1316
764
339
12
339
12
764
339
12
1316
1352
1764
491
1046
491
1764
491
1046
837
1046
837
1046
837
2564
221
460
210
460
210
221
460
210
460
210
460
210
460
221
2564
221
2564
221
210
221
2564
1758
1279
205
1922
1976
1261
1976
1027
1976
1027
205
1027
1976
1261
1976
1261
1976
1027
1976
1261
1976
1261
1976
1261
1976
1922
1758
1279
1758
1922
1758
1279
1758
1279
1758
1279
1922
264
1922
264
1922
264
1922
264
1922
264
1922
1976
205
850
205
1317
850
205
1027
205
1027
1261
1027
205
1027
1261
1027
205
1317
1815
1317
1815
1317
1815
1317
1815
1317
1815
1827
1287
1827
1287
1827
2410
966
2410
1827
1287
1004
1287
1827
1287
2063
524
2518
524
2063
1212
2363
1212
2363
1212
2063
1212
2363
1212
2063
1212
2363
1212
2363
1212
2363
977
2
778
987
778
2
778
2
977
1998
977
1998
977
1998
977
1998
977
1998
977
1998
977
1998
977
1998
977
1998
1677
1852
1891
2628
1891
1852
1210
1891
2628
1891
1852
1891
1852
1677
1852
1210
1852
1210
1852
1891
1852
1677
1852
1891
1852
1891
2628
1891
2628
1891
2628
931
287
931
287
1144
304
287
931
287
1144
931
287
1144
864
304
1144
304
1144
931
1144
304
1144
304
864
304
976
360
1060
360
976
360
976
360
1060
360
976
825
1035
825
1035
825
1035
825
1035
1994
863
605
767
271
767
271
1556
271
767
271
767
605
863
1994
863
1547
1195
1547
863
1547
1195
1547
863
1994
1813
1994
1813
1994
863
1994
863
605
863
1994
1813
1994
1813
1994
1813
1994
1813
1994
1813
2217
823
559
2723
902
905
902
546
902
905
2419
905
2419
905
902
2643
905
902
2643
905
902
905
2643
902
2643
559
823
2217
823
2060
823
2060
823
2060
247
855
2057
247
1700
247
2057
855
247
2057
855
2057
247
2057
855
247
855
2057
247
1700
247
1700
247
855
2057
247
855
2057
855
371
2723
371
2723
371
2723
559
823
2060
823
2217
365
6
365
6
365
6
1182
6
1182
1637
387
1637
387
1637
387
1637
387
1637
387
1637
387
1637
387
1637
1182
1637
1182
6
1182
1637
387
306
387
306
387
306
1696
800
1696
800
1696
306
1696
800
1696
800
1696
800
2625
2544
2625
2544
2530
2545
2530
2545
2530
1853
2530
1853
1947
1853
1947
1853
1947
1853
1679
1853
1947
1853
1947
1853
1947
1853
1947
2530
2544
2625
2544
2530
2545
2625
2544
2625
2544
2625
2544
2530
2545
2530
2545
2530
2544
2625
2544
1269
90
1673
2058
1673
1670
1673
2058
90
2419
905
2419
905
902
546
1821
546
1821
546
1821
546
1821
1514
970
1514
1368
552
1674
552
1514
970
2723
970
1514
1368
1514
1368
1514
970
2723
559
2723
970
552
1514
1368
1674
552
1674
552
1674
552
1674
552
1674
552
1674
552
1674
552
970
552
1034
1961
1034
1961
1186
1961
1034
1961
1034
1961
1186
1961
1034
1961
1034
1961
1034
1961
1034
1961
1186
2524
185
2524
1186
2524
185
1576
185
2524
1186
2524
185
2524
185
2524
1186
2524
1186
2524
185
2524
84
2590
1159
523
1159
2590
1159
2590
1159
2590
1159
2590
1159
523
1159
1578
110
2315
110
1578
110
1578
110
2412
110
1578
110
1578
2710
110
2315
2710
110
2412
2400
577
1249
2511
1249
577
763
577
1249
577
1249
577
2400
2611
2400
1002
2400
2611
2400
2412
1249
2412
2400
1002
2400
2611
2714
1002
2714
1002
2714
1002
2714
1002
2714
1002
2714
1002
2400
577
1249
2511
577
1497
763
1497
763
577
1249
577
763
1497
1235
907
1761
907
1318
228
1318
982
1318
907
982
907
1784
907
1761
907
1235
907
1761
907
1761
907
1318
907
2314
518
2120
518
2120
518
2120
518
2314
518
2120
518
2314
518
2314
518
2120
518
1512
2120
1512
518
2120
1512
2700
1512
1415
1512
1415
1512
1415
1512
1415
1854
206
1208
206
1208
206
1208
206
1208
1015
1016
1015
1016
1015
1016
2716
1016
2716
1016
2716
1016
2716
1016
2716
1016
1015
1016
2716
1076
2718
1076
968
955
968
1075
1076
2718
1076
968
955
583
955
583
1386
1676
2177
1174
2177
14
915
14
916
915
14
916
915
14
915
14
916
915
14
916
14
1676
1851
1676
1851
1386
1676
1851
1676
1851
1676
1851
1676
1851
1676
1851
1676
1386
1676
14
1174
268
169
268
1174
268
1174
1196
1174
268
1174
1196
1174
1196
867
592
867
592
867
592
867
784
867
592
867
592
867
784
1982
784
867
592
867
592
867
784
1982
784
1982
784
1982
784
867
784
355
169
355
1577
1194
1421
1189
1421
1189
1421
1189
1421
584
1421
1189
1801
1189
1421
584
1421
1189
1801
1189
1421
584
1421
1804
1795
870
1668
870
1668
1795
1668
870
1668
870
1668
870
1668
870
1668
870
1795
1501
2641
1501
2641
1501
1502
1501
1502
1501
1502
1501
2641
1502
1501
1866
2637
1866
2637
1866
1501
1866
2637
1866
2637
1866
2637
955
583
955
968
955
968
955
968
955
968
1076
968
1076
2718
1076
1075
968
1075
1076
968
1076
1075
968
1318
955
1318
982
1318
228
1318
982
1318
228
1318
1784
1761
1573
204
135
1573
135
1573
204
1573
135
1573
135
1573
204
1573
135
1573
204
1573
204
1573
135
204
1573
512
1986
71
1986
71
1986
71
1986
512
1986
71
1986
71
1986
71
1986
71
1986
71
1963
2592
1914
2592
1914
2592
1963
2388
1833
2388
2512
2388
1833
2388
1833
2388
1833
2388
1833
2388
1833
2388
1833
2388
1963
2592
1963
2592
1963
2592
1963
2592
1914
2592
1963
2592
1963
1537
2388
1833
2388
2512
172
1995
1788
2715
2614
2715
2614
2715
1440
1788
1440
1788
1440
1788
1440
1788
1440
2614
1440
2715
1440
1788
2496
172
793
172
1537
172
2496
2591
2715
1440
1788
1440
2715
2591
1354
1901
1354
1901
1354
1901
1354
1901
1354
1901
1354
1901
1354
1901
1354
1901
1354
1901
1354
1901
990
2509
990
1723
1757
1723
1757
1723
1757
1618
1757
1618
1757
1723
1757
1748
1757
1748
2364
1748
2364
1748
2364
1748
2364
1748
2364
1748
2364
1748
1757
763
1497
763
1497
763
1173
1341
1173
763
1173
1341
1173
1341
1173
2342
1173
1341
2342
793
2342
793
172
793
2591
793
2591
2496
2591
2496
172
793
2342
793
2342
793
2509
1929
1478
2439
1478
1743
359
1743
359
1743
359
1743
359
1743
1478
2689
901
2689
901
2689
1478
2439
1478
1743
1478
2439
2506
1707
2506
1707
2506
1707
2506
1707
2506
333
2506
1707
2506
1707
2506
1707
2506
1707
1187
787
207
1211
207
1211
207
223
207
1211
207
787
207
787
207
1211
207
1211
1345
1211
1773
1211
1773
1211
1345
1211
1773
1932
177
1932
177
1932
177
1932
177
1932
177
1932
177
1932
1773
1932
177
964
899
1115
899
964
899
964
899
964
899
964
899
964
899
964
1091
297
180
120
180
120
180
120
180
1956
2615
1956
1079
297
1091
297
1091
2629
1091
297
1091
964
1115
899
964
899
1115
964
1091
2629
1618
2629
1618
1091
2615
1956
180
220
180
120
180
120
180
220
180
220
180
120
220
8
220
8
220
8
769
8
220
8
769
8
769
2623
769
8
769
8
769
8
220
8
769
2623
769
2623
1047
2623
1047
2623
769
1706
1080
2184
1080
1706
1080
1706
1080
2346
2184
2346
1080
2346
2184
2346
2184
2346
2184
1080
2214
1080
2184
1080
1706
1080
1706
1080
2346
2345
1576
185
2524
185
84
185
84
185
1576
2345
1576
2345
1576
2345
543
1999
1544
1999
1544
1999
1544
1999
543
1999
1544
1999
1544
1999
1544
1273
1956
1079
1956
1273
2129
2130
2129
2130
2129
2130
2129
2130
2129
2130
2129
2130
2129
2130
2129
2130
2129
2130
2129
2130
2129
2130
185
1576
1080
2214
1225
1363
1188
1333
1020
884
232
1808
232
1808
232
1808
232
1808
232
1808
232
1808
232
1808
2645
2428
330
2428
2645
1678
1808
232
884
232
884
232
884
257
884
257
884
257
884
257
884
257
884
1832
2397
884
257
1020
1333
1020
1333
1020
884
1832
1020
1832
2397
1832
2397
1832
2397
1832
2397
1832
2397
1832
2397
1832
2183
1672
2183
1672
2183
1672
2183
1672
2183
1672
2183
1672
2183
1672
2183
1672
2183
1672
2183
2161
1683
2161
1683
2161
1683
2161
1828
2161
1683
2161
1683
69
1828
69
1828
69
314
69
1828
2161
1683
912
1716
912
2373
912
1716
2373
166
2373
166
1237
1511
1237
2089
1237
1511
2645
2428
330
2428
1678
2428
2028
330
2428
2028
2428
2028
1231
2483
1231
2483
1231
2483
1231
2483
1231
2483
1231
2483
1231
2483
1231
2483
1231
2483
1181
1413
1181
1413
1869
1413
1869
1218
1869
1410
1869
1410
1218
1410
1869
1218
1410
1869
1218
1363
2623
1047
2623
1047
2623
1047
2623
769
8
769
2623
1047
2623
2037
2605
2037
2605
2037
2639
2037
2605
2037
2605
2037
2605
2037
2605
2382
1175
2382
1175
2382
1175
2382
881
1175
2382
881
1175
2382
881
1175
881
1175
2382
881
2382
881
1175
881
2609
376
1165
376
2609
376
1165
376
1165
376
2609
881
2609
376
1165
376
1165
376
2609
881
2609
2350
2639
2037
2605
2037
2639
2350
376
2655
2421
2655
989
2655
2421
2655
989
2655
2421
2655
2421
2655
2421
2655
2421
2655
2421
2655
2421
989
2639
2650
2639
2650
2639
2650
1188
1333
1188
1333
1188
1333
1188
1333
1188
1363
1225
1363
1188
1363
1188
1363
1225
1363
1225
1363
1225
1363
1188
1363
1225
1047
1225
1363
1869
1218
1869
1413
1181
1413
248
91
248
91
248
91
248
91
1170
805
1170
91
1492
1170
1186
1170
1492
1170
1492
1170
1186
1170
805
1170
91
1492
1170
379
2198
1803
2665
1803
2198
1803
2665
1848
2665
1803
2198
1803
2665
1803
2198
379
2198
2347
2198
2347
2198
1803
2665
896
661
587
661
896
661
587
661
896
661
896
661
2551
1848
2551
1848
2551
661
2551
1848
2551
1848
2665
896
2665
896
2551
661
1671
1800
1100
1800
1100
1800
1100
1671
1800
1717
1466
1717
1466
1133
1132
1133
1132
1133
1132
1133
1132
1133
1466
1717
1868
1717
1466
1717
1466
1717
1466
1717
1466
1717
1466
608
1097
284
1097
1147
1097
284
1097
1147
1097
608
1097
608
1097
1147
1097
1147
1097
1147
1097
1147
1097
1133
708
103
708
103
708
103
708
103
708
103
708
103
708
103
708
103
1466
1818
1819
1818
1819
1818
1819
1818
1819
1818
1819
1818
1819
1818
1819
1868
1362
1868
1366
1868
1366
1868
1366
1868
1366
1947
1853
1947
1853
1679
2058
90
1673
90
1269
90
1269
90
1269
90
1269
90
1269
90
1673
90
1673
1670
1673
2058
1673
1670
2551
661
896
2665
896
2347
2198
1803
2198
2347
2198
1803
2198
2347
315
816
315
1777
1030
1777
1030
1777
315
1777
315
1777
315
1777
315
1777
1030
2734
1030
1777
1030
1777
1030
2734
1030
1777
1030
1777
1030
2734
2089
2734
1030
2734
1030
2734
2076
1895
2076
2734
2076
1895
2076
1895
2076
2734
2076
2734
2076
1895
2076
2734
2076
1895
2076
2734
2089
1647
2089
1647
2089
1647
1284
1148
1284
1148
542
1148
542
1148
542
1148
1284
1148
542
1148
542
1148
542
1148
1284
2043
1806
1109
1806
2043
1806
1109
1806
2043
1395
293
241
293
534
293
420
293
1395
293
420
293
241
857
241
293
241
293
534
241
293
241
857
241
857
241
857
241
857
69
314
69
1828
69
1683
2161
1828
2161
1683
2161
1672
1399
1090
558
1090
558
1090
558
2514
1298
1217
214
1217
214
1217
1298
2514
1298
1217
1298
2514
2277
2514
2277
2624
2277
2624
2277
2624
2277
2624
2277
2514
2277
2312
2514
2312
558
1090
558
1090
558
1090
1849
1090
558
1090
1849
1090
558
1090
1399
1090
1849
1031
1849
1031
2031
782
2031
782
1245
782
1245
782
2001
782
2001
782
1245
782
2001
2031
782
2001
2031
2001
782
2031
2001
2031
2586
234
2586
234
2586
234
2586
234
2586
234
2586
2031
2586
2031
1357
1359
1357
1359
1357
1359
1407
1831
1359
1357
1359
1357
1359
1830
467
1830
1359
1357
1359
1357
1359
1830
467
329
133
2589
804
2589
804
2589
804
2443
804
2589
133
329
133
2589
133
2589
804
2589
804
2589
133
329
133
329
133
329
133
329
133
329
133
329
467
1830
1359
1830
467
1830
1831
1407
1831
1407
452
1593
452
459
452
1593
452
1407
452
1407
452
1407
1831
1407
1831
1407
1831
1407
467
1830
483
470
1449
1898
2443
1898
1751
1898
1751
1283
1282
1283
1282
1283
1282
1283
1282
1751
1898
1751
1898
1751
1898
2443
1898
1751
1898
1751
1898
1751
1898
2443
158
2443
158
2443
158
2443
158
2443
158
2443
158
947
1797
1356
1797
1356
1797
1356
1797
947
1117
947
1117
947
1117
947
1117
947
1117
947
1797
947
1117
947
1117
2480
978
345
978
345
980
2026
980
345
980
345
978
345
980
345
980
345
980
345
566
567
566
567
565
567
566
567
566
567
565
567
565
566
565
567
566
567
566
567
565
567
565
1454
669
278
1445
278
1445
278
1445
278
1445
677
1445
2144
1445
669
1557
669
1557
669
1445
2144
679
74
1885
74
1885
74
679
74
679
74
1885
74
1885
74
679
74
679
74
1885
1712
1885
74
679
74
1885
1712
1885
1734
1911
1734
1911
832
1911
1338
744
1320
744
1320
1338
1320
744
1320
2064
1320
2064
1320
1338
1320
1338
1320
1338
2442
1911
1417
1911
2442
1911
1734
390
2064
744
2466
1518
2588
1518
2588
1518
2588
1518
2588
1518
2466
1518
2588
1518
984
2588
984
2588
1518
2588
1518
984
1960
984
1518
2588
984
2588
984
1518
984
1960
1152
1379
1152
824
2325
2442
1911
1417
1911
2442
2325
2442
1911
2442
2325
2442
2325
1911
390
1417
1911
465
2251
2042
1584
2042
465
2042
1584
830
1584
1455
1584
1455
1584
830
1584
830
1584
1455
1584
1455
1584
1455
1596
1268
1300
1268
1596
1268
1604
1268
1596
1268
1596
1300
1268
1596
1268
1596
1268
1300
1268
1300
1268
1604
1268
1300
709
715
709
830
490
413
490
413
798
1603
798
1603
798
413
1459
413
1603
798
1603
413
798
1603
413
490
798
1603
798
1603
798
1603
798
433
432
318
432
318
432
433
432
318
432
433
432
433
1892
1910
1892
1910
1892
1910
670
1910
1892
1910
1892
670
1892
432
318
432
318
432
318
432
1892
670
1892
1910
1892
1910
1892
1910
1892
1910
670
2030
670
2030
670
2030
1571
2030
1571
1260
693
1260
693
1260
693
1260
2413
1260
1571
2030
670
2030
1571
2297
1571
2297
2105
2297
665
26
27
26
27
26
27
26
27
1924
1293
2113
1293
1924
1293
1924
1293
2113
1293
1924
1293
1924
1293
2485
28
2485
28
2485
28
2485
1293
2485
28
2485
28
2485
28
2485
28
2485
28
724
2115
724
2115
1328
2115
1328
2115
1328
2115
1328
280
2678
494
2678
494
2678
280
1328
2115
1328
2115
724
2115
724
2115
724
2115
1328
66
280
1328
280
66
280
1328
280
52
249
2568
249
2568
249
2568
249
2568
249
2568
249
52
811
2000
811
2000
811
2000
811
2000
811
2000
811
2000
811
2000
811
2000
811
2000
1416
1925
1416
2000
1416
1925
1416
1925
1416
1925
1416
1925
1416
1925
2000
1416
494
1416
2685
49
948
249
2568
249
948
249
948
49
2685
659
1930
659
2685
49
1081
659
1930
659
1081
49
1081
49
1081
659
1930
659
1930
659
2685
659
1081
659
1930
659
1930
545
2258
2252
2258
561
2258
545
2258
545
2258
545
2258
545
2258
545
2258
561
477
561
477
561
477
561
477
561
477
561
477
561
477
561
477
1431
466
85
1431
466
1431
85
1431
85
1431
466
1431
466
85
1659
699
1659
85
699
85
2243
85
2243
699
1659
699
788
2245
653
2245
653
2245
653
2245
788
2245
788
2245
788
2245
788
2245
653
2245
2122
15
2141
1876
2141
1570
2141
15
914
15
2141
1876
2141
1570
15
2141
15
2141
1876
15
914
15
914
15
1570
15
914
2122
603
2122
603
2122
603
2122
603
2122
603
2122
603
436
1306
425
1590
425
1590
425
1590
425
1590
425
1590
425
1590
425
1590
425
1590
425
1306
451
16
2252
16
451
16
451
16
451
16
451
16
342
2252
342
2252
342
2252
342
2252
342
1659
342
2252
342
2252
545
2258
561
2258
561
2258
545
1370
2339
1370
2339
1370
2339
2244
2339
2244
2339
1370
2339
1370
2339
1370
2339
2244
731
400
481
1082
1092
753
555
532
54
555
753
555
753
1092
753
555
753
555
753
555
753
1092
555
753
555
753
1082
400
731
2244
731
2244
731
2244
731
400
731
2244
731
2244
731
400
731
753
555
532
54
532
54
532
54
532
54
532
54
532
54
532
331
532
54
532
331
948
49
948
249
948
49
948
249
948
49
948
2241
2596
785
2596
2241
2596
2153
2596
1768
2596
785
2596
1768
2596
2241
2596
785
2596
2153
2596
785
2153
942
941
2584
668
2584
942
2584
255
940
997
940
997
940
997
940
997
940
255
940
997
940
997
940
942
2584
942
941
942
2584
255
997
940
997
255
2584
255
940
997
942
2584
668
667
668
667
668
667
668
667
1541
683
1541
683
1541
683
1541
683
687
1540
687
1540
687
1541
687
1540
2633
687
1540
687
1540
687
2633
141
164
1135
2653
1135
164
1135
2653
1135
164
1135
2653
1135
164
1135
164
2548
164
1135
164
1135
164
141
164
141
164
2548
164
2548
1052
1909
1473
1909
1473
1909
1473
1909
1473
1909
1473
707
1473
1909
1052
2233
1052
748
1052
748
2503
1052
1909
1473
1909
1052
748
1052
2233
2601
1389
2233
1389
2601
1389
2601
2233
1389
2601
2233
1389
2601
2233
1389
2601
1389
2601
2233
1389
2233
1052
2503
1052
1909
2233
1389
2601
1389
2233
2601
904
2601
904
407
1985
2302
382
872
382
2302
382
872
114
872
382
872
382
872
382
2302
1985
407
1985
2302
1985
2302
1985
2302
1985
918
106
1985
407
1985
2302
1985
2302
382
2302
382
114
872
382
872
382
114
382
114
1561
114
1561
114
1561
114
1561
114
1561
2229
76
943
2430
2075
2430
349
2430
349
2430
943
2075
76
2229
76
943
2430
943
2430
349
2430
2075
2430
349
2430
349
2430
349
746
1974
746
2098
1974
1572
1974
1572
1974
2352
690
1289
2352
690
1289
2352
690
2352
690
2352
690
2352
690
2352
690
1289
35
1289
690
35
1289
690
1289
690
1289
2100
1289
2100
1289
2100
1289
2306
620
1822
1025
1650
1621
1650
1621
2626
1621
1650
2626
1621
1067
1621
1067
1423
1729
1423
1067
1621
1067
1621
1650
1621
1067
1423
1067
2301
1067
1423
1067
1423
2301
1067
1423
1729
2562
1050
1043
1050
2562
1050
2456
2562
1396
2562
1729
2562
2456
2562
1729
1396
2562
1050
1043
2357
673
1471
2357
1471
2357
673
1471
2357
1471
2357
673
1471
2357
673
2657
673
2357
673
2357
1471
2357
1471
673
2357
673
2657
2098
1572
746
1974
2098
746
2098
1340
2086
1968
2086
1340
2086
1340
2086
1968
2086
1340
1968
2086
1968
2086
1340
2086
1968
2086
1340
2086
1968
2086
851
2376
851
852
83
910
83
852
1686
852
2282
852
83
852
83
852
851
852
1686
852
851
2084
1816
2084
851
2376
851
2376
851
2084
851
2376
851
2376
851
2376
851
852
83
852
83
910
1686
1394
1686
910
83
1418
1519
1418
1519
1418
1519
1418
1519
1418
1519
1418
1519
1418
1519
83
2293
428
697
415
697
415
697
415
712
1640
712
2097
712
2097
712
1259
1640
1259
1640
1259
1640
1259
1640
1259
1640
1259
1640
1259
1640
1259
1640
2097
712
415
697
415
697
415
712
415
712
415
697
415
697
415
697
428
1253
428
697
428
1253
697
428
2293
2282
2293
2282
2293
2282
2084
1816
216
1137
1749
675
1322
675
1722
675
1322
675
1722
675
1722
675
1749
1137
736
1137
736
1137
736
1857
1722
675
1749
1137
216
1816
216
1816
216
1816
216
1816
216
1816
216
1737
51
2446
1339
1737
51
1737
51
2446
51
1737
51
1737
51
1737
51
2446
1339
2446
1339
2229
1339
2229
76
2229
76
2229
76
2229
76
943
76
2229
1339
2446
1339
2229
76
2229
1339
2446
1339
2446
1339
2229
1339
2446
51
2446
1339
2446
1434
1969
2378
1969
495
1969
2378
1969
1434
1969
1434
1969
1434
51
1434
1805
1137
1749
1137
736
1137
736
1137
1749
1137
736
1857
395
1857
395
1857
395
1857
395
1857
1805
1657
1805
1657
1805
1657
1805
1657
1805
1657
835
252
835
252
189
252
835
252
835
395
129
1755
129
1755
1582
189
1881
1582
1881
189
1881
1582
189
1881
1582
189
1881
1582
1881
189
1582
1881
1582
1881
189
252
946
772
1916
772
1916
772
946
772
1916
772
946
772
946
772
946
1443
946
772
946
772
1916
772
946
1443
1862
762
946
1443
1862
762
1862
762
1862
1443
1862
1443
762
2110
2423
1862
1443
946
1443
1862
1443
946
772
1916
495
1969
1434
1969
495
1969
2302
918
2587
918
106
918
2587
720
2587
918
2587
1327
2587
918
2587
918
2587
918
2587
1327
2587
720
36
720
36
1658
36
1658
1474
1658
720
36
932
936
932
1767
932
936
932
1767
932
1452
932
936
932
936
932
1767
932
1767
1139
2007
1094
2007
1139
2007
1139
2007
1094
2007
374
1094
374
952
374
2151
1040
2151
374
952
374
952
374
2151
1040
2536
1040
116
1452
116
1040
2536
1040
2151
1040
2151
116
1452
2535
1452
2535
1452
2535
1452
2535
2044
871
138
871
2044
871
138
871
138
871
138
871
138
871
138
2044
871
138
871
2044
138
2044
871
936
36
720
1474
720
1474
1658
1474
1658
36
1658
1474
720
1474
1658
1474
1658
1474
1658
1474
2587
918
612
1326
612
1326
612
1326
918
1326
612
1326
612
1326
612
1326
918
612
2472
435
2553
435
2472
435
2472
435
2472
435
2553
707
2472
435
2553
435
2472
435
2553
435
2472
435
2553
435
2553
1068
1082
400
1082
481
1082
481
1082
481
1082
481
1082
481
1082
481
1082
481
1082
1068
707
1135
533
2653
533
2653
533
2653
533
678
2423
324
323
324
323
324
323
324
323
324
323
324
2423
678
323
324
2648
324
2423
678
2423
678
2423
678
2423
678
2423
678
2423
678
2423
324
323
324
323
324
1993
2648
1993
2648
1993
2648
1993
2648
1993
2648
1993
2648
1993
2648
2110
762
1405
1404
1066
1404
1066
1405
1066
1405
1066
1405
1066
1404
1066
1405
1066
1404
1066
1405
1066
1405
762
1066
189
1881
2519
404
2519
404
1256
1524
275
1524
275
1524
1811
1651
1811
1651
1811
1651
1811
1651
1811
1651
1811
1651
1811
1651
1811
1651
1811
1651
1811
1651
1811
1524
2519
404
2519
404
2519
404
1633
404
2519
1524
2519
404
1256
404
2519
1256
404
1633
30
1633
30
1633
30
1633
30
865
30
1633
30
1633
30
1921
2008
1921
453
1921
2008
1921
453
1921
2390
321
2390
2145
321
2390
2145
2390
321
2390
2487
2390
2145
2390
321
2390
1921
30
2008
1921
2390
1921
453
1921
2008
1921
453
1921
453
2291
126
2291
126
1931
126
2291
126
1931
126
2291
126
1931
2291
1931
2291
126
2291
126
275
1524
865
457
865
457
865
457
865
457
865
457
865
457
865
457
865
457
865
457
865
457
2487
129
2487
2390
321
1322
538
1322
538
1322
98
1322
538
1322
321
1322
538
1322
98
1322
538
98
479
985
479
985
479
985
479
985
479
985
479
985
479
985
479
985
2097
712
415
2453
1121
1131
1321
1131
1121
1131
1121
1131
1121
1131
1121
1131
1321
1131
1121
1131
1321
1131
1121
1131
1321
1131
1321
2309
2033
2309
1321
2309
2033
2309
2033
2309
2033
2309
1321
2309
2033
2309
2033
2095
190
2095
190
2095
190
2095
2358
2095
190
2095
190
2358
190
2095
2358
190
2095
2358
2095
190
2095
190
2095
2358
2099
389
408
389
2079
389
645
389
2099
389
645
2473
2053
1063
885
50
885
50
885
50
885
1063
885
1063
2053
2473
2053
1063
2053
1063
2473
1063
885
50
885
1063
885
50
886
50
885
50
885
50
886
887
886
887
50
886
887
886
887
886
50
886
890
2399
890
2399
890
2399
408
434
1508
1946
888
1946
1508
1946
897
1643
897
1643
897
1643
897
1643
897
1643
897
1643
897
1946
897
1643
897
1643
897
1643
1644
263
1644
1643
1644
263
1644
263
2155
1644
263
1644
2047
646
2047
646
2047
646
2047
646
2047
1286
2047
646
2047
646
2047
646
2047
1286
646
2482
2081
2047
1644
2079
434
1508
434
1508
434
1508
1946
1508
434
2079
434
2079
434
2079
2399
890
2399
890
2399
408
2399
890
2399
408
2399
890
2399
890
2399
890
2318
1715
92
2369
877
294
2369
92
1726
92
2369
92
877
73
877
73
877
92
1726
92
2369
92
877
92
1715
2318
963
2318
963
2318
1715
2318
1715
2318
1715
2318
963
1715
92
877
73
2360
73
877
92
877
294
877
73
2360
1051
102
1051
2360
73
1051
2360
73
2360
73
2360
73
2360
73
877
73
2360
2660
2360
1051
102
1051
102
1051
2660
2294
1543
94
89
94
1543
2294
1543
2294
1543
2294
1543
94
89
94
89
94
1543
2294
1543
2294
1543
1051
2294
1543
2294
1543
94
89
94
89
94
1543
888
1508
1946
897
1643
1644
2155
2047
2081
2482
2081
2482
2081
2482
2081
2482
2081
2482
2081
2482
2081
2482
2081
2482
2081
489
2041
2370
2041
934
2041
934
2041
489
2041
489
934
1263
2370
1263
2370
2041
2457
2240
2457
2240
2457
2240
2457
2240
2457
1507
2004
2457
1507
2004
1507
2004
1507
2004
1507
2004
1507
2457
2004
1507
2457
2240
2457
1507
2004
1507
880
2453
1121
2453
880
2453
880
2453
880
2453
1121
2453
1121
2453
1121
697
1253
428
2293
852
1686
910
1394
1686
1394
1686
1394
1686
1394
1686
1394
1686
1394
564
1156
564
1156
564
1156
564
1156
2407
1714
2409
2407
1714
2409
1714
1616
2154
1616
2154
1616
2154
1616
2407
1616
2154
1616
2154
1616
2154
1616
2154
1616
2154
1616
2154
1050
1043
1050
1043
1050
1043
1050
2562
150
2562
150
2562
1729
1393
215
1393
215
1423
215
1393
215
1393
215
1393
215
1393
215
1423
215
1393
215
1393
215
1393
215
1822
620
406
2306
406
2306
406
2306
406
2306
406
2306
620
406
620
2306
620
1822
1025
1822
620
1822
620
1822
1025
1822
1025
1822
1025
165
1248
165
1248
165
1248
165
1248
165
1248
165
1248
165
1248
165
1248
903
1028
1460
1028
903
1028
903
1028
903
1028
903
1028
903
1028
1460
1978
1460
1978
179
1978
1460
1978
1460
1978
1460
1028
903
1028
1460
1028
1460
1028
1460
1978
1460
179
1978
179
1978
1460
1978
179
1978
179
39
536
1739
536
39
2253
2679
2253
39
617
2253
39
2253
617
2253
2679
2253
917
1062
750
1462
750
1062
750
1062
750
1062
750
1462
917
1462
750
1462
750
1462
917
2253
617
2253
617
2253
917
2253
2679
1021
2471
1021
2471
1021
2471
1021
2471
1021
2471
1123
1645
1123
1645
1123
682
1123
2471
1123
2445
1645
1123
2445
1645
1123
1645
1123
682
1123
2471
1021
2471
1123
682
1123
682
1645
682
621
938
2682
938
118
2040
2259
2040
2259
2040
2259
2040
2259
2040
2259
2040
2259
540
162
540
162
540
162
540
162
540
162
540
162
540
162
540
162
540
162
419
600
419
600
2408
600
419
600
2408
431
2408
431
2408
431
2408
431
2408
431
2408
431
2408
431
357
860
46
860
46
860
46
860
46
860
46
860
46
860
46
860
46
860
46
860
357
1374
357
1153
1003
2549
1003
2549
1003
2549
1003
2549
1003
2549
1069
140
1069
140
1069
423
1069
140
1069
423
1069
140
1069
140
1069
140
1069
140
2102
187
2102
187
1987
1940
187
1987
1553
1987
652
2348
652
2348
482
2348
187
2348
652
1987
2348
187
1987
187
2102
187
1940
187
1987
187
230
187
2348
652
2348
652
2348
482
1513
1553
117
2248
117
706
117
2248
117
1987
1553
2248
1553
2248
117
2248
117
2248
1553
117
2248
117
706
230
2024
1430
2024
1430
2024
230
2024
1430
2024
230
2024
1430
2024
230
2351
634
2351
634
2351
540
634
2351
634
2351
634
2351
634
2351
540
2351
634
1920
446
57
446
57
446
1920
446
57
2451
57
446
448
446
57
446
57
446
448
446
1920
57
446
57
2451
1029
2451
2299
1029
57
1029
2299
1029
2451
57
2451
1029
2451
1029
2451
2299
1655
2093
1655
2093
1655
2299
1655
2299
1655
2683
2463
1844
2287
1844
2463
2683
2463
2683
2463
2683
2463
2683
2463
2683
2463
1844
2287
2440
2287
1844
2463
1844
2287
1844
2287
2440
1456
2440
1844
2287
2440
1844
2287
1844
2287
2440
2313
281
1319
281
1319
281
1319
281
440
281
440
296
307
296
2239
1428
2426
1428
2426
1562
951
2426
951
700
951
1142
1562
1142
1917
143
1917
143
1142
143
1917
143
1142
143
2426
1428
1646
1428
2426
1428
2426
1428
1646
1428
2426
951
2426
951
2426
1428
2239
1428
1646
1428
2239
846
2239
846
2239
846
2239
846
2239
846
2239
846
750
1462
1720
131
1011
1684
1011
131
1720
131
1720
131
1720
131
1720
131
1011
131
1720
131
1011
1684
143
1917
143
1142
143
1917
143
1684
1011
1684
1011
1684
2160
1684
1011
1684
1011
131
1011
1684
1011
1684
1011
1684
2160
1040
2536
1040
2536
1040
1452
1040
2151
374
952
1876
952
1876
1306
436
1306
1876
1306
436
1306
436
1306
436
1306
1876
952
1876
2141
15
914
15
2122
2245
700
951
1142
951
700
951
700
653
892
1752
892
1752
892
1752
469
1752
469
1752
469
1752
469
42
469
892
1752
892
1752
892
1752
892
1752
469
1752
469
906
671
1635
671
295
671
295
671
295
671
2631
671
906
42
2142
1270
1024
737
1024
737
1024
737
766
737
766
1458
444
405
319
292
1453
292
405
319
405
444
405
319
405
444
405
444
405
444
405
444
2354
2566
2354
1334
2566
2354
2566
1334
1392
574
1731
1503
1731
574
1731
574
1731
282
923
574
1392
574
1731
574
1392
574
1731
574
1731
574
282
923
462
923
282
923
282
923
462
923
282
923
574
1731
1954
2300
1954
879
1954
879
844
879
1591
879
1954
1731
574
1731
1503
2395
2070
1348
2070
520
2070
1348
2070
1348
2070
520
2070
520
2070
2395
2070
520
2070
520
2070
1348
2070
2395
1348
25
1874
25
1874
25
1874
25
1874
25
1874
25
1874
25
1874
25
1348
25
1874
2332
1874
25
1874
2332
1874
2332
1810
2374
1810
2332
1810
2374
1810
2374
2541
2374
1810
2374
1810
2332
1810
2332
1810
2374
1810
2332
1810
2332
1810
2374
1708
2374
1708
2374
1444
2331
1806
2331
1591
879
1591
879
1591
284
1591
284
1591
2331
1806
2043
1395
1896
1395
1896
2043
1395
2043
1395
2043
1896
314
1828
2586
234
2586
234
2586
2031
2586
2031
1283
1751
470
1449
470
1449
470
1449
470
1449
470
1449
470
483
470
1449
470
1449
804
2589
133
329
467
329
775
1406
1070
1406
775
1406
775
1406
1070
2326
1712
2326
1070
1406
2326
1712
2326
1070
2326
1712
2326
1712
2326
1712
2326
1712
2326
1712
2326
1712
2326
1712
1587
309
1587
309
1587
309
1587
309
2026
980
345
980
2026
980
2026
309
2026
2480
978
2480
978
2480
978
2480
1754
2480
1117
2480
1754
978
2480
978
2480
978
2480
1754
439
344
2585
344
439
344
439
2387
1309
439
1309
2387
1309
2387
1309
2387
439
2387
1309
900
375
562
375
900
375
900
375
900
375
900
375
900
375
900
375
900
375
900
375
900
375
1089
562
1089
562
1089
562
1402
1089
562
1402
2049
173
1402
562
1089
562
1402
2049
553
1364
173
1364
173
1364
173
1364
173
1402
173
1364
2049
173
1364
173
2049
553
2049
173
1364
1990
32
1990
32
1990
32
1990
32
1990
32
1990
1364
2389
717
2072
1119
649
1119
649
1119
2072
717
2072
717
2389
717
2072
717
43
717
2389
717
43
1575
2072
717
2389
717
2389
717
2072
366
2072
366
2077
2119
2077
366
2077
2119
656
2216
656
2216
656
2119
2077
2119
2077
2119
1255
2119
2077
2119
656
2119
656
2119
656
2216
1227
2695
1227
2695
1227
2695
1227
2695
1227
2624
2277
2514
1298
2514
1298
1217
214
1217
214
1217
214
1217
214
1217
1298
1217
214
1217
214
1494
627
1666
627
1165
627
1165
627
1494
627
1494
627
1494
655
1221
655
1221
655
1221
1725
1221
655
1221
655
1221
655
1221
655
1221
1725
2695
2661
2662
99
2662
2661
2662
2661
2662
2661
2662
99
2580
99
2662
99
2662
2661
2662
99
2662
99
2580
1119
649
1119
649
1119
649
1119
649
1119
2580
1119
649
1119
2072
717
43
1575
1207
1575
43
1575
1207
1575
43
1575
1207
202
1575
43
1575
43
1575
43
1575
1207
1575
1207
759
202
862
202
759
1145
1255
1145
759
1207
759
202
529
202
759
1145
759
2701
862
2701
862
2701
862
2701
862
2701
862
202
529
1116
529
1116
529
1116
529
1116
529
1116
529
1116
529
1116
529
202
759
1145
759
1145
1255
1145
759
202
759
202
759
1145
1255
1661
930
1661
930
521
930
1661
930
1661
930
1661
930
1661
1255
2119
656
1661
930
1661
1425
521
1425
521
1425
521
1425
521
1425
521
1425
521
1425
521
1425
521
1425
2474
1888
1520
1872
1520
1888
2474
1888
1520
1888
2474
1888
2474
1425
2474
1888
2474
1888
2474
1888
2474
1888
2474
1888
2474
1888
1520
1872
1520
1872
2273
1520
2273
1872
1520
2273
1872
2273
1872
2273
1872
2273
627
1165
627
1666
627
1666
1165
301
1019
1997
1019
291
1636
291
1019
301
1019
291
1019
301
1019
301
1019
301
1019
301
1019
301
1019
1997
1175
2382
881
2382
1175
2382
1175
1636
291
1488
291
1019
1039
2593
1039
2593
1039
586
2593
611
2593
1039
586
1039
586
1039
2593
1039
2593
1039
2593
1039
2593
2703
611
2703
611
2703
611
2703
611
2703
611
2703
611
2703
611
2703
2593
1039
2703
1048
1303
1488
1303
960
1303
1488
1303
960
1303
960
962
2308
962
2059
962
2308
962
2059
962
2308
962
2059
962
2308
962
2059
962
2308
2059
2540
1488
1303
1048
1303
1048
1303
1488
1303
1048
1303
1488
2540
960
1303
1488
2540
2185
2540
2185
2540
2059
2540
2527
2540
2185
2540
2527
557
1367
1083
1213
1083
1213
1083
1213
1083
1213
1083
1367
1083
1213
1083
1213
1083
1367
1083
270
2517
270
2517
270
2517
270
2517
310
2517
270
2517
310
1625
310
517
310
517
310
2517
310
2517
1625
568
1625
568
1625
568
1213
568
1625
201
303
201
303
201
60
201
60
2733
60
201
60
201
303
201
60
303
60
303
201
60
201
60
2733
60
303
201
303
60
201
303
60
303
517
310
2640
1
2131
1
2640
1
2131
1
2640
2664
2640
2136
1536
1250
1536
1250
351
2137
581
1037
2261
1037
2261
1037
2261
1037
1169
1037
351
2137
581
1037
581
1037
581
1037
1169
1164
638
1164
638
1164
2677
1164
638
2677
1380
353
1380
353
1380
353
2180
353
2180
353
2180
