x
1
2131
1
2131
1
2180
353
2180
353
2194
2614
1440
1788
1440
1788
2496
2591
2496
2591
1354
1901
1354
1901
2342
1341
2342
1341
1173
793
2512
172
2512
172
1537
2671
1560
2671
1560
1498
1493
1498
1493
1056
1995
1056
1995
2194
2614
2715
1928
1929
1928
1929
861
333
991
333
991
1115
899
1115
899
964
899
964
297
1079
297
1079
1956
2615
1956
2615
1091
2629
1618
1723
1757
1723
1757
1748
2364
1748
2364
2611
2400
2611
2400
2412
1249
2511
1249
2511
577
2412
110
2710
110
2710
1578
523
1159
523
1159
2590
84
185
84
185
1576
2345
2346
2184
2346
2184
1080
1706
1080
1706
2214
1225
1047
1225
1047
1363
1047
1363
1869
1410
1869
1410
1218
1188
2650
2639
2650
2639
2650
2639
2650
1188
1333
1188
1333
1188
1333
1020
257
2397
1832
2397
1832
2397
1832
2183
1672
2183
1672
2183
1672
1399
1090
1399
1090
1399
1090
1399
1090
558
2312
558
2312
558
2312
558
2312
558
2312
2624
1227
2624
1227
2624
1227
2624
1227
2624
1227
2624
1227
2624
1227
2624
1227
2624
1227
2624
1227
2624
1227
2624
1227
2695
1227
2695
1227
2695
1227
2695
1725
1221
655
1221
655
1221
655
1221
655
1221
655
1221
655
1494
214
1494
214
1494
214
1494
214
1494
2421
2655
2421
2655
2421
2655
2421
2655
989
1333
1020
257
884
257
884
232
1808
1678
1808
1678
2645
1511
1237
1511
1237
2089
1647
1284
1647
1284
1148
542
1148
542
1109
1806
1109
1806
807
1134
807
1134
284
1591
879
1591
879
844
1731
1503
1731
1503
574
1392
574
1392
1334
2566
2354
2566
2354
681
1730
681
1730
462
923
462
923
282
2300
282
2300
290
348
290
348
2577
1491
2577
1491
38
112
1634
112
1634
437
2447
109
2447
109
437
346
1285
346
1285
666
2444
2406
2444
2406
2569
752
1086
1469
1825
1469
1825
1262
381
1262
381
922
17
922
17
38
1531
1132
1133
1132
1133
608
1466
608
1466
1717
1800
1100
1800
1100
1671
661
587
661
587
2551
1848
2551
1848
2665
1803
2198
379
2198
379
805
1170
805
1170
1492
91
248
91
248
1181
2028
1181
2028
330
2428
330
2428
2645
1030
1777
315
1777
315
1843
2734
2089
2734
2076
1895
2076
1895
1717
1366
1868
1366
1868
1362
838
1882
2557
1882
2557
838
1362
2530
2545
2530
2545
2625
2544
1269
2544
1269
2058
1673
2058
1673
1670
1821
546
1821
546
902
2643
902
2643
559
823
559
823
2060
247
1700
247
1700
2057
855
2057
855
765
1220
765
1220
1383
898
1383
898
1365
2700
1365
2700
1512
1415
1512
1415
206
1208
228
1208
228
982
1318
982
1318
955
583
955
583
2637
1866
2637
1866
1501
2641
1501
2641
1502
870
1502
870
1668
1802
2365
1802
2365
355
169
355
169
268
1174
2177
916
915
916
915
14
2177
1174
1196
867
592
867
592
1982
784
1982
784
1668
1804
530
531
2279
531
2279
1499
1332
1499
1332
579
2521
579
2521
1422
1796
1971
1796
1971
1669
1265
1669
1265
2416
958
2495
2032
2495
2032
1613
576
1613
576
1033
1641
245
1641
245
2546
1472
2546
1472
1197
868
1197
868
1525
778
1525
778
2
977
1998
977
1998
1677
1852
1210
1852
1210
1891
931
287
931
287
864
304
864
304
976
825
976
825
1035
1994
1035
1994
1813
365
1813
365
6
1182
1637
387
1637
387
306
1696
800
1696
800
2625
1599
1223
2510
1223
2510
339
764
1316
764
1316
12
339
12
262
1315
262
1315
2462
921
473
2328
473
2328
921
2462
1919
2384
472
2384
472
1919
217
111
217
111
1599
306
1146
271
1556
271
1556
767
605
863
605
863
1195
1547
1195
1547
2431
957
2431
957
1799
152
1799
152
1490
335
1490
335
2052
221
460
210
460
210
221
2564
1758
1279
1758
1279
1922
264
1922
264
336
663
336
663
401
2438
401
2438
305
24
305
24
412
2150
2425
2150
2425
269
688
269
688
2460
2475
56
2475
56
2558
1098
2349
1098
2349
41
34
1765
34
1765
704
996
704
996
443
607
443
607
115
1719
1058
1719
1058
115
703
701
703
701
430
1118
430
1118
1692
575
1692
575
2036
1690
2036
1690
1897
289
1840
2149
1840
2149
1840
2149
1140
873
874
1598
874
1598
873
1598
806
2085
2353
2085
2353
2085
2353
2085
806
2085
806
1374
806
1374
806
1374
806
1374
806
1374
357
1153
357
1153
357
1153
357
860
46
860
46
860
46
860
431
2408
431
2408
600
419
600
419
2024
1430
2024
1430
706
1987
652
2348
652
2348
482
1513
482
1513
1553
2248
1553
2248
117
706
1987
1940
187
1940
187
2102
140
1069
140
1069
423
2549
1003
2549
1003
2549
1003
423
72
2088
72
2088
680
487
680
487
1991
995
1991
995
2486
1841
2486
1841
998
1012
1071
1012
1071
147
2010
147
2010
277
596
1558
596
1558
2398
2711
2398
2711
1992
987
1992
987
2520
958
2416
768
1033
768
2728
776
2728
776
77
1695
1795
1695
1795
77
1489
1422
300
2391
300
2391
1422
1489
1422
1276
530
2035
584
2035
584
1675
1804
1276
1422
776
229
2022
2121
2176
2121
2176
2492
876
2656
876
2656
2493
2022
1036
2607
1036
2607
1996
2
1996
1677
2492
822
1185
822
1185
1006
1233
1006
1233
209
2394
209
2394
2704
1226
2638
2278
2638
2278
2256
199
2256
199
2139
994
2139
994
1184
2280
1184
2280
1232
939
1232
939
2191
29
2652
1222
2652
1222
2600
29
2191
939
522
229
522
2493
2600
1144
1891
2628
1212
2363
1212
2363
1681
1436
1681
1436
808
277
808
1855
2635
1855
2635
524
2518
524
2518
2063
1287
1004
1287
1004
1740
1177
1740
1177
689
474
2340
474
2340
1827
1815
1317
1815
1317
850
205
850
205
1027
1261
1027
1261
1976
1361
541
920
541
920
1361
1976
1580
689
1580
745
684
1728
684
1728
2019
2420
2507
2420
2507
236
113
236
113
1041
714
1041
714
745
2019
1143
2069
1136
2069
1136
2460
2569
752
1086
1569
2558
144
197
144
197
1456
815
1126
892
1752
892
1752
469
42
2142
42
2142
1270
2140
2433
2140
2433
1654
2330
1654
2330
295
906
469
906
295
1435
1635
1435
1635
2631
1656
2109
1656
2109
2631
1412
1372
178
1372
178
1412
625
1128
1653
1128
1653
1128
1653
186
692
186
692
186
692
1442
698
695
740
2254
740
2254
1622
1632
1622
1632
2260
1771
2082
136
2082
136
276
2368
276
2368
2238
1353
368
1353
368
2534
2065
2534
2065
2552
984
2588
1518
2588
1518
2466
744
1320
2064
1320
2064
390
1734
390
1734
1885
74
1885
74
679
2144
1445
278
1445
278
677
1244
188
1244
188
677
1246
1065
1064
1065
1064
1065
1064
1246
893
894
893
894
2094
2383
2094
2383
1935
2583
154
246
154
246
2583
1935
352
644
642
643
642
643
944
475
2039
475
2039
843
628
2237
925
1252
925
1252
710
2108
710
2108
231
1529
2418
1529
2418
672
1867
672
1867
843
628
2237
1528
231
1595
388
610
1337
610
1337
1594
396
1619
1620
1619
1620
396
1594
1983
388
1595
1377
2335
1377
2335
233
1301
233
1301
1949
239
1949
239
2334
544
2286
544
2286
441
398
711
398
711
2014
218
464
218
464
908
1451
908
1451
833
1604
1268
1604
1268
1300
709
1300
709
830
1584
1455
1584
1455
1584
1455
1596
1459
463
1411
463
1411
463
1459
463
1459
413
490
413
490
413
490
413
490
413
490
413
490
413
490
413
490
413
490
413
490
413
490
413
490
413
490
413
490
413
490
413
490
413
490
413
490
413
490
413
490
413
1603
413
1603
413
1603
413
1603
413
1603
413
1603
413
1603
413
1603
413
1603
413
1603
413
1603
413
1379
1152
1379
1152
1379
1152
1379
1152
1379
413
1379
413
1379
413
1379
413
1379
413
1379
413
1379
413
1459
413
1459
413
1459
413
1459
413
1459
413
798
433
432
433
432
318
18
2467
18
2467
786
1150
786
1150
318
1910
670
1910
670
2030
1571
2297
2105
2297
2105
105
75
665
75
665
26
27
26
27
1924
2113
1924
2113
1293
2485
28
2485
28
1293
828
238
828
238
1814
2265
240
754
618
754
618
240
2265
1814
1548
854
510
854
510
2073
1328
66
280
66
280
1925
1416
1925
1416
2000
811
2000
811
52
2568
948
2568
948
49
1081
49
1081
659
2685
659
2685
52
249
2073
1328
2115
724
2115
724
909
1141
105
1141
909
2260
1771
1486
312
1486
312
316
458
316
458
841
773
841
773
1398
222
1114
222
1114
337
1989
2290
1989
2290
2304
698
695
1442
1653
2091
2080
2091
2080
2411
493
2411
493
2567
2464
2567
2464
602
337
602
1550
2070
1348
2070
1348
25
1874
2332
1810
2332
1810
1444
2331
1444
2331
1874
25
2395
520
2395
520
1334
1458
766
737
766
737
1024
1912
237
1912
237
2565
1102
1290
468
1290
468
1102
2565
1270
1024
1458
444
405
292
405
292
1453
444
319
625
319
1653
2678
494
2678
494
1431
466
1431
466
85
2243
85
2243
699
788
699
788
2245
653
700
653
700
951
1562
1142
1562
1142
1917
143
1917
143
1684
2160
1684
2160
1011
131
1720
131
1720
750
1062
917
1062
917
1978
179
1978
179
39
617
39
617
2253
2679
1021
2471
1021
2471
1123
2445
1645
2445
1645
1123
682
686
913
447
448
447
448
446
2682
686
913
1839
2573
2146
2573
2146
734
589
734
589
1839
198
1738
307
296
307
296
1738
198
440
281
440
281
1319
1563
2523
1563
2523
1856
1319
1856
815
1126
1456
2440
2287
1844
2287
1844
2463
2683
2093
2683
2093
1655
2463
2232
2356
2232
2356
13
1953
13
1953
2313
2440
2313
1655
2299
1029
2451
1029
2451
57
446
2682
938
118
2040
118
2040
2259
540
162
540
162
2351
634
1920
634
1920
2259
817
2386
722
2386
722
732
1682
732
1682
1762
2680
2235
2680
2235
456
1871
456
1871
2595
609
1017
2429
1017
2429
609
2595
842
1883
535
1883
535
2429
2275
2429
2275
2429
842
403
153
1008
153
1008
403
2322
2323
2322
2323
442
979
2598
1397
2543
1397
2543
660
945
660
945
993
1685
1241
1685
1241
993
1615
1608
1615
1608
1900
2219
1900
2219
1049
1975
1049
1975
2316
730
728
730
728
729
1687
2572
1687
2572
286
211
286
211
1627
1373
1627
1373
889
2484
889
2484
1624
2066
1623
2066
1623
266
2381
266
2381
1624
1151
283
1151
283
414
96
729
96
442
979
2598
125
1523
125
1523
651
1191
651
1191
1948
774
2316
727
1266
563
1167
563
1167
2520
1266
2666
2225
685
2225
685
2470
1154
2470
1154
1278
31
1390
53
1390
53
31
53
2011
2508
1349
2508
1349
2011
1278
2011
2515
1559
2515
1559
2515
1374
357
1374
2515
1374
1003
2102
1003
998
1003
230
117
1762
817
1408
1588
2317
1588
2317
1906
2114
1906
2114
1125
834
1358
834
1358
244
2429
244
2429
1125
2429
414
2429
2255
1247
2255
1247
1408
2351
289
2149
1140
2149
1140
2149
702
1586
702
1586
1045
2149
1045
2149
1897
2149
1374
1003
230
1003
1374
1003
1374
1003
1374
1003
1374
1003
1374
1003
1374
1003
1374
1003
1374
1003
1374
1003
1374
1003
1374
1003
1374
1003
1374
1003
1374
1003
1374
2149
1374
2149
1374
2149
1374
2149
1374
2149
1374
2149
1374
2149
1374
2149
1374
2149
1374
2149
1374
2149
1374
2149
1374
2149
1374
2149
1374
2149
1374
2149
1374
2149
1374
2149
1374
2681
1826
2681
1826
2455
2063
2628
2410
966
2410
966
1060
360
1060
360
1144
1827
2455
1143
412
1323
1764
1352
491
1352
491
1764
1323
2372
666
2372
1046
837
1046
837
2564
2052
1146
767
6
1182
2419
905
2419
905
2217
2704
1226
2217
2060
2723
970
1514
1368
1514
1368
1674
552
1674
552
970
2723
371
1961
1034
1961
1034
1186
2524
1186
2524
1576
2345
543
1999
543
1999
1544
2129
2130
2129
2130
1544
1273
2315
1273
2315
1002
2714
1002
2714
1618
2629
1091
964
177
1932
177
1932
177
1932
1773
1211
1773
1211
1773
1211
207
787
223
787
223
1707
2506
1707
2506
2439
1478
2439
1478
2689
901
2689
901
1743
1962
359
599
359
599
359
1962
1743
1962
2664
2640
2664
2640
2664
2640
2664
2640
2136
1536
1250
581
2137
581
2137
581
2137
581
2137
581
1250
1536
1250
1536
1250
1536
1250
1536
1250
1536
1250
1536
2136
1536
2136
1536
2136
1536
2136
1536
303
517
303
517
303
517
303
517
303
517
303
517
303
517
303
517
303
517
303
517
303
201
303
201
303
201
303
201
303
201
303
201
303
201
303
201
303
201
303
201
303
201
1625
568
1625
568
1625
568
1625
568
1625
568
1625
568
1625
201
60
201
60
201
60
201
60
380
1026
2649
1026
2649
1026
2649
1026
2649
1026
2649
1026
2649
1026
2649
1026
1229
161
2061
2268
2061
2268
2061
2268
2061
161
1229
161
1229
161
1229
973
2125
1694
2125
1694
2125
1694
2125
1694
1023
1933
1350
1933
1350
1933
1350
1369
1807
1369
1807
1369
1807
2162
1794
1438
1794
1438
1794
1438
2269
1391
1955
1168
1955
1168
1955
1168
1955
1168
2359
1168
2359
254
2646
254
2646
254
2646
254
2646
2050
299
2050
299
2050
299
2050
299
2308
962
2308
962
2308
962
2308
962
960
1303
960
1303
960
1303
960
1303
960
1303
1048
2703
611
2593
586
2593
586
2593
586
2593
586
2593
586
2593
611
2703
611
2703
611
2703
611
2703
611
2703
611
1888
2474
1888
2474
1888
2474
1888
2474
1888
2474
1888
2474
1888
2474
1888
2474
1888
2474
1888
2474
1888
2474
1425
2474
1425
2474
1425
2474
1425
2474
1425
2474
1425
2474
1425
2474
1425
2474
1425
2474
1425
2474
1425
2474
1425
521
930
1661
930
1661
930
1661
930
1661
930
1661
930
1661
930
1661
930
1661
930
1661
930
1661
930
1661
930
1661
930
1661
930
1661
930
1661
930
1661
930
1661
930
1661
930
1661
930
1661
656
2119
2077
2119
2077
2119
2077
2119
2077
2119
2077
2119
2077
2119
2077
2119
2077
2119
2077
2119
2077
2119
2077
2119
2077
2119
2077
2119
2077
2119
2077
2119
2077
2119
2077
2119
2077
2119
2077
2119
2077
2119
2077
2119
2077
2119
2077
2119
2077
2119
2077
2119
2077
2119
2077
2119
2077
2119
2077
2119
2077
2119
2077
2119
2077
2119
2077
2119
2077
2119
2077
2119
2077
2119
2077
2119
2077
366
2077
366
2077
366
2077
366
2077
366
2077
366
2077
366
2077
366
2077
366
2077
366
2077
366
2077
366
2077
366
2077
366
2077
366
2077
366
2077
366
2077
366
2077
366
2077
366
2077
366
1575
1207
1575
1207
1575
1207
1575
1207
1575
1207
1575
1207
1575
1207
1575
1207
1575
1207
1575
1207
1575
1207
1575
1207
1575
1207
1575
1207
1575
1207
1575
1207
1575
1207
1575
1207
1575
1207
1575
1207
1575
1207
1575
1207
1575
1207
1575
1207
1575
1207
1575
1207
1575
1207
1575
1207
1575
1207
1575
1207
1575
1207
1575
1207
1575
1207
759
1145
759
1145
759
1145
759
1145
759
1145
759
1145
759
1145
759
1145
759
1145
759
1145
759
1145
759
1145
759
1145
759
1145
759
1145
759
1145
759
1145
759
1145
759
1145
759
1145
759
1145
759
1145
759
1145
759
1145
759
1207
759
1207
759
1207
759
1207
759
1207
759
1207
759
1207
759
1207
759
1207
759
1207
759
1207
759
1207
759
1207
759
1207
759
1207
759
1207
759
1207
759
1207
759
1207
202
862
2701
862
2701
862
2701
862
2701
862
2701
862
2701
862
2701
862
2701
862
2701
862
2701
862
2701
862
2701
862
2701
862
2701
862
2701
862
2701
862
202
1207
202
1207
202
1207
202
1207
202
1207
202
529
1116
529
1116
529
1116
529
1116
529
1116
529
1116
529
1116
529
1116
529
1116
529
1116
529
1116
529
1116
529
1116
529
1116
529
1116
529
1116
529
1116
529
1116
529
1116
529
1116
529
202
529
202
43
2072
366
2072
366
2072
366
2072
366
2072
366
2072
366
2072
366
2072
366
2072
366
2072
366
2072
366
2072
366
2072
366
2072
366
2072
366
2072
366
2072
366
2072
366
2072
366
2072
366
2072
366
2072
366
2072
366
2072
1119
649
1119
649
1119
649
1119
649
1119
649
1119
649
1119
649
1119
649
1119
649
1119
649
1119
649
1119
649
1119
649
1119
649
1119
649
1119
649
1119
649
1119
649
1119
649
1119
649
1119
649
1119
649
1119
649
1119
2580
99
2662
99
2662
99
2662
99
2662
99
2662
99
2662
99
2662
99
2662
99
2662
99
2662
99
2662
99
2662
99
2662
99
2662
99
2662
99
2662
99
2662
99
2662
99
2662
99
2662
99
2662
99
2662
2661
2216
2661
2216
2661
2216
2661
2216
2661
2216
2661
2216
2661
2216
2661
2216
2661
2216
2661
2216
2661
2216
2661
2216
2661
2216
2661
2216
2661
2216
2661
2216
2661
2216
2661
2216
2661
2216
2661
2216
2661
2216
2661
2216
2661
2216
2661
2216
2661
656
1661
656
521
1425
521
1425
521
2695
1725
2695
1725
2695
1725
2695
1725
2695
1725
2695
1725
2695
1725
2695
521
656
521
656
521
656
521
656
521
656
521
656
521
656
521
656
521
656
521
656
521
656
1255
2285
2602
2285
2602
2285
2602
2285
2602
2285
2602
2285
2602
2285
2602
2285
2602
2285
2602
2285
2602
2285
2602
2285
2602
2285
1506
2663
1506
2663
1506
2663
1506
2663
1506
2663
1506
2663
1506
2663
1506
2285
1506
2285
1255
656
1255
656
1255
656
1255
656
1255
656
1255
656
1255
656
1255
202
43
202
43
202
43
202
43
202
43
202
43
202
43
202
43
202
43
202
43
202
43
202
43
202
43
202
43
202
43
202
43
202
43
202
43
202
43
202
43
202
43
202
43
717
2389
717
2389
717
2389
717
2389
717
2389
717
2389
717
2389
717
2389
717
2389
717
2389
717
2389
717
2389
717
2389
717
2389
717
2389
717
2389
717
2389
717
2389
717
2389
717
2389
717
2389
717
2389
717
2389
717
2389
717
2389
717
2389
717
2389
717
2389
717
2389
717
2389
717
553
2049
553
2049
553
2049
553
2049
553
2049
553
2049
553
2049
553
2049
553
2049
553
2049
553
2049
553
2049
553
2049
553
2049
553
1364
553
1364
553
1364
553
1364
173
1364
173
1364
173
1364
173
1364
173
1364
173
1364
173
1364
173
1364
173
1402
1089
375
1089
375
1089
375
1089
375
1089
375
1089
1402
173
1402
2213
1402
2213
1402
2213
1402
2213
1402
2213
2491
2213
2491
2213
2491
2213
2491
2193
1837
2193
1837
2193
1837
2193
1837
2193
1837
588
755
2206
1313
2206
1313
2206
1313
2206
1313
2206
1313
2190
1772
2029
1858
2029
1858
2029
1858
2284
302
2284
302
2284
302
2284
302
2547
2186
2547
2186
2547
2186
2547
2186
2547
2186
2310
2203
2218
184
2218
184
2218
184
2218
184
2218
184
2218
184
2218
184
2218
184
2218
184
1205
1973
1205
1973
1205
1973
1205
1973
1205
1973
1205
1973
1205
1973
1205
1973
364
1579
364
1579
364
1579
364
1579
364
1579
364
1973
364
1973
364
1973
184
2203
2310
2203
2310
2203
2310
2203
2310
2203
2310
2203
2128
2203
2128
2203
2128
755
588
755
588
755
588
755
2190
1772
2190
1772
2190
1772
821
1299
1190
1299
1190
1299
1190
992
961
274
194
274
194
274
194
175
1870
175
1870
175
1870
900
1309
2387
439
2387
439
2387
439
1754
2480
1117
947
1117
947
2585
343
2585
343
2585
343
2579
1751
1282
1283
1282
1283
1282
1283
2001
782
1245
782
1245
782
1245
2001
2031
2001
2031
1849
2031
1849
1031
1245
1031
1849
1031
1849
1031
2580
1119
2580
1119
2580
1119
2580
1119
2580
1119
2580
1119
2580
1119
2580
1031
2580
1031
2580
717
43
717
43
1255
1973
1255
43
1255
43
1255
43
1255
43
1255
43
1255
43
1255
43
1255
43
1255
43
1255
43
1255
43
1255
182
1095
1698
1095
1698
1095
1698
1095
1698
1095
1698
1095
1698
182
858
182
858
182
858
182
858
182
858
182
858
182
858
1520
1872
1520
1872
1520
1872
1520
1872
1520
1872
1520
1872
1520
1872
1520
2273
1520
2273
1666
627
1666
627
1666
627
1666
627
1666
627
376
2609
881
2609
881
2609
881
2382
2605
2037
2605
2037
2605
2037
2623
769
8
769
8
220
120
180
120
180
220
2623
2214
1413
1492
1413
1218
232
1218
1020
1333
1020
1333
989
1333
989
1333
989
1333
1217
1298
2514
1298
2514
1298
2514
1298
2514
2312
2514
2312
2277
2273
1165
301
1019
301
1019
301
1019
301
1019
1997
1175
1997
1175
1997
1175
2382
2350
376
2350
376
2350
376
1165
2273
1165
2273
1165
2273
2277
2273
2277
1217
1333
1217
1333
1217
1333
1683
2161
1828
2161
1828
2161
1828
69
314
69
314
857
241
857
241
1896
1395
1896
1395
2043
1147
1097
284
1097
1147
1843
816
1671
816
896
2665
1803
896
2347
1231
2483
1231
2483
2347
1030
166
2373
1716
2373
1716
912
1683
912
1683
166
2043
420
293
420
293
534
2586
234
2586
234
1357
1359
1357
1359
1831
1830
1831
1830
467
1593
1103
1593
1103
417
416
417
416
461
2074
781
1516
2355
1516
2355
781
2074
461
619
2542
2541
2542
2541
1708
459
1708
459
452
1407
452
1407
467
483
470
1449
470
1449
804
2589
804
2589
775
1406
775
1406
1070
2326
1070
2326
1712
1587
309
1587
309
2026
980
2026
980
566
567
566
567
565
1454
565
1454
669
1557
669
1557
1292
2288
2319
325
1484
325
1484
2319
2449
954
2449
954
1736
2068
1736
2068
397
2321
827
2321
827
1292
2288
1246
1983
44
1894
715
1894
715
2251
465
2251
465
2042
830
2042
824
2325
2442
2325
2442
1417
1911
1417
1911
832
2379
832
2379
409
810
409
810
2144
679
1712
158
2443
1356
1797
1356
1797
158
2443
1898
1751
1898
1751
1898
2579
1990
32
1990
32
1990
32
1990
32
1990
32
1990
32
1990
32
562
900
1309
900
1309
900
562
344
1754
2480
978
345
978
345
1884
2272
1884
2272
1084
606
1461
606
1461
2212
551
2212
551
253
2435
253
2435
758
2362
2502
2362
2502
1746
1344
1680
1344
1680
1344
1680
1495
1710
1842
1665
78
1665
78
2504
64
2504
64
2687
859
2687
859
1106
2227
1106
2227
1798
2270
2195
2270
2195
2165
2672
1984
1009
1984
1009
311
384
2720
2494
2720
2494
1329
2196
1329
2196
1776
1022
1776
1022
1304
585
1304
585
2422
2283
2422
2283
2721
812
631
812
631
2721
869
2175
2045
2006
2045
2006
1639
2729
1639
2729
2200
1864
170
1864
170
1505
527
1505
527
761
2522
1522
2522
1522
2123
2709
2123
2709
2732
1533
1311
1271
1612
1271
1612
317
1311
820
797
820
797
1783
2124
1783
2124
134
1642
317
1642
119
526
1096
526
1096
2200
1667
2597
1013
2597
1013
2713
761
2713
1667
2169
2167
2169
2167
2187
1057
2199
1057
2199
2187
1481
2501
569
2501
569
1331
1836
225
1836
225
1331
647
1419
1420
1419
1420
647
1732
2727
1732
2727
1509
1878
594
1878
594
796
1172
1180
200
1180
200
2528
2048
2528
2048
1200
1236
1200
1236
1589
40
1589
40
2062
55
2062
55
68
511
68
511
2090
591
61
742
454
742
454
716
1915
1938
1915
1938
2324
168
2324
168
953
2056
2560
2056
2560
2403
424
2403
424
392
59
1934
59
1934
367
1042
1149
2622
1149
2622
875
2296
875
2296
2647
615
2647
615
2083
367
1042
1280
267
1324
363
1324
363
2025
1085
2025
1085
1242
2055
636
749
636
749
2055
1242
1258
1005
256
1005
256
1470
1812
751
1812
751
1160
1592
1160
1592
1735
637
1735
637
1952
130
640
130
640
1865
2561
1101
2561
1101
1865
2078
658
641
658
641
1302
1733
1302
1733
2303
1952
2303
1470
1258
2375
2083
392
713
2434
1482
2434
1482
2575
157
2575
157
350
391
350
391
2632
1936
288
1936
288
2038
385
341
385
341
2644
1890
142
1890
142
757
1483
757
1483
1000
1606
1000
1606
891
1631
743
1631
743
591
61
716
2414
1517
2414
1517
1629
953
760
713
760
2375
1629
1574
399
1574
399
1918
967
1918
967
313
1845
632
1845
632
108
959
1564
959
1564
2168
1214
547
1214
547
2078
635
2168
635
313
108
1820
1172
796
2670
2669
2670
2669
62
1111
2436
1111
2436
1824
2341
1824
2341
62
2563
2171
2166
2538
2166
2538
1468
509
1468
509
2668
836
826
836
826
1424
1763
2726
1763
2726
1745
2171
2630
1790
2630
1790
1774
160
1093
160
1093
1774
227
513
227
513
2563
1721
1775
2556
1775
2556
1087
1638
1087
1638
1846
1230
1846
1230
1721
1614
1509
1614
578
1664
578
1664
604
1481
604
2135
2698
2135
2698
1793
347
1663
347
1663
1793
1860
654
1860
654
2693
813
2693
813
1847
783
1847
783
1662
502
1662
502
2207
1346
2201
1346
2201
972
1798
972
2127
1769
2127
1769
2525
1697
2525
1697
508
1905
508
1905
508
1905
1710
1842
1710
1842
1710
1495
1710
1495
1710
1756
1105
506
1105
506
1105
506
1343
2307
21
965
21
965
21
965
2307
1343
2307
1343
1756
1710
1756
1710
505
1183
969
3
969
3
2672
2165
1183
505
882
1699
882
1699
623
1532
623
1532
624
1829
622
1829
622
624
384
311
159
1778
2228
1108
2559
1108
2559
1295
2228
1778
159
2617
1477
2617
1477
2620
2126
2152
2126
2152
2620
1251
1014
1515
1014
1515
1014
1515
1533
2732
1533
2732
2170
22
2170
22
2170
22
2170
22
2204
516
2204
516
2205
124
2205
124
1504
1693
2513
1693
2513
1504
1904
2478
2708
2478
2708
503
1877
503
1877
86
1660
580
1660
580
500
2732
500
86
1424
2668
9
1166
9
1166
1902
1403
1902
1403
137
2051
137
2051
7
2182
171
2182
171
1007
2526
1007
2526
2046
2415
2046
2415
2696
10
2696
10
183
2705
2016
2613
2016
2613
801
1566
801
1566
2688
1308
1176
1308
1176
174
528
1157
528
1157
1786
1264
2722
107
2722
107
573
2271
573
2271
2432
378
2676
378
2676
2477
1122
794
1055
794
1055
2215
1122
2215
2477
1744
33
1744
33
1375
1701
1835
1786
1264
1835
1701
1375
1376
1979
1376
1979
1791
2490
1791
2490
2619
1228
1926
1228
1926
2012
2266
2012
2266
2619
2659
597
2659
597
358
273
358
273
2724
243
2724
243
1274
1275
1274
1275
1903
2618
1903
2618
1861
2719
1861
2719
219
770
2692
770
2692
1044
1077
1044
1077
145
2570
145
2570
1545
2642
1545
2642
2505
525
1178
525
1178
2675
1018
2675
1018
1702
550
1381
550
1381
2616
1980
2616
1980
1913
2582
1913
2582
2489
1107
2178
1107
2178
2712
2505
2712
2489
1724
1535
1724
1535
2673
633
1199
1078
1199
1078
2262
1054
802
1054
802
226
2013
226
2013
2054
1742
2054
1742
2172
2018
2172
2018
1297
484
1297
484
771
2608
771
2608
450
449
450
449
1527
1972
1288
4
1288
4
2017
191
2017
191
1224
1467
250
1467
250
878
1010
878
1010
1234
1312
1120
601
1158
601
1158
1120
1312
1234
1224
929
501
929
501
2730
1224
2730
1224
2621
1610
2621
1610
1527
1972
1630
1414
1630
1414
1630
1001
1630
1001
1630
1224
1630
1224
1630
1224
1630
1224
1630
1224
1630
1224
1630
1224
1630
1224
1630
1224
1630
1224
1630
1224
1630
1224
1630
1224
1630
1224
1630
1224
1630
1224
1630
1224
1630
1224
1630
1224
1630
1224
1630
1224
1630
1224
1110
1549
1110
1549
1893
572
1893
572
1216
2731
1216
2731
1342
2371
1219
919
2606
2694
2606
2694
919
1219
2371
1342
70
2013
1789
2013
1789
2013
70
2013
1611
219
1611
2013
2262
633
174
2488
334
2488
334
1206
1104
1206
1104
571
183
2705
1124
2231
1124
2231
2401
2164
2208
2164
2208
362
2188
81
2188
81
362
1215
488
1787
488
1787
1032
1281
1032
1281
1567
2156
1567
2156
1741
1202
2396
1792
2027
2717
2027
2717
1409
2476
1409
2476
1463
2667
657
2667
657
2667
1463
554
1463
554
1267
1534
924
1534
924
192
2396
1792
570
2529
570
2529
1310
1781
1310
1781
148
272
148
272
82
2702
2532
2189
1526
2189
1526
2686
2707
176
2707
176
1378
515
1779
515
1779
1378
2686
2532
2702
630
1201
630
1201
2223
2163
780
1296
780
1296
780
1296
780
1296
780
1296
780
1296
779
1296
779
1296
779
1296
779
1296
779
1296
779
1296
779
1296
779
1296
779
2163
779
2163
779
2163
779
2163
779
554
1267
1904
192
7
1202
1741
1785
1400
1785
1400
2401
1500
1073
1500
1073
2263
648
1838
648
1838
2691
2276
2230
2276
2230
1305
2651
1555
2651
1555
2610
1384
2610
1384
1705
2226
2181
2226
2181
1957
1873
2289
1873
2289
2134
1448
2134
1448
1957
298
2674
298
2674
1780
1705
1780
1209
499
20
499
20
498
1074
1307
1074
1307
498
2432
1209
2224
1305
2224
2706
2211
2706
2211
2688
571
2691
354
496
1198
496
1198
354
1782
2497
1704
2497
1704
2603
258
2393
258
2393
2603
2725
556
1215
556
1958
1204
1958
1204
1203
2612
1203
2612
2697
1371
2697
1371
2725
362
2263
362
1437
1554
1437
1554
19
2192
2197
2179
2578
2179
2578
2581
1171
2581
1171
2192
2197
19
2223
779
514
1251
514
779
514
779
119
134
869
2175
1552
2202
2207
2202
1552
694
2658
694
2658
1750
791
1750
791
1325
519
1325
519
279
1759
279
1759
1859
2555
1859
2555
1823
1964
1277
1113
1277
1113
1964
332
87
332
87
1429
65
1429
65
93
1648
93
1648
361
393
361
393
756
818
725
818
725
2333
1385
2333
1385
394
1600
394
1600
1314
1155
613
1155
613
986
614
986
614
1475
1476
1475
1476
397
1433
1709
1433
1709
1585
1099
1546
1099
1546
1099
1585
1709
1585
478
705
1138
705
1138
1937
2576
1937
2576
2071
1059
2071
1059
326
895
2336
895
2336
1607
981
1607
981
1942
132
100
132
100
1602
1770
1602
1770
47
48
47
48
2015
104
1053
104
1053
676
88
676
88
629
261
629
261
548
593
2636
593
2636
548
2571
445
2574
445
2574
1863
1239
735
1239
735
650
777
1718
777
1718
320
1945
1943
1945
1943
1944
814
1944
814
101
259
101
259
2107
650
2107
1863
2571
326
2311
155
2311
155
2450
949
2450
949
2448
1908
2448
1908
928
845
2264
845
2264
1941
151
2533
1951
2337
1951
2337
2533
151
260
212
260
212
928
1941
195
866
195
866
1088
1254
1088
1254
2366
2367
2366
2367
429
156
1314
156
429
1817
1628
2465
2468
2465
2468
1112
1817
1628
265
410
265
410
411
848
2320
848
2320
1335
411
1335
2377
95
2377
95
2644
2038
2632
1280
267
2375
891
373
1072
1351
1072
1351
1432
1747
1257
1747
1257
1823
1432
1112
1539
789
971
789
971
792
2158
149
2158
149
792
1539
756
421
1689
421
1689
2234
1649
2234
1649
1061
853
1061
853
1084
1880
235
1966
1965
1966
1965
1939
235
1880
961
992
1746
992
821
1710
505
2599
616
2599
616
2599
616
5
1038
795
1038
795
1542
1834
1542
1834
63
507
2173
123
2173
123
2173
123
1568
1464
2162
1464
2162
1464
1568
911
2531
911
2531
911
2531
598
2343
598
2343
598
2343
2594
308
1023
308
1023
308
2594
1568
856
507
856
507
856
63
208
2392
1850
2392
1850
1161
2627
2133
2627
2133
208
2699
1382
486
582
486
582
1565
2159
1565
2159
2274
1179
2210
1179
2210
2174
2210
2174
1703
2516
1703
2516
1703
2516
2427
1496
2427
1496
497
2274
497
1193
537
1355
537
1355
1162
1163
1162
1163
1162
1163
1521
2733
1521
2733
1521
2733
1521
2733
1521
2733
380
2733
380
2733
380
2733
380
1229
973
11
973
11
973
11
973
11
1970
2059
2540
2059
2540
2059
2540
2059
2540
2185
557
1367
1083
270
2517
270
2517
270
2517
270
2517
310
1083
1367
1083
1367
1083
1367
1213
2527
1213
2527
1213
2527
1213
2527
1970
11
1970
2540
2185
557
2185
557
2185
557
1345
1187
207
1187
1345
310
60
380
60
380
60
380
60
380
60
380
60
380
60
380
60
310
60
310
60
310
60
310
60
1163
1193
2690
203
2690
203
2261
1037
1169
1037
1169
1037
2261
1164
2677
1380
2677
1380
1164
638
351
60
351
60
351
60
351
60
351
60
351
60
351
60
351
60
351
60
351
60
351
60
351
60
351
60
351
60
351
60
351
60
351
60
351
60
351
60
351
60
351
60
883
2305
883
2305
883
2305
883
2209
196
2209
196
2209
196
2209
2594
2209
1382
2699
1382
1161
1295
5
988
2634
988
2634
988
2634
504
1294
504
1294
504
1294
372
1809
1485
121
1510
121
1510
121
1510
1485
1809
1485
1809
1485
1809
1530
2269
1391
2269
1391
2269
1391
356
2359
356
2359
356
1048
1488
1636
1039
1636
1039
1636
1039
1636
1039
1636
1039
291
1488
1048
1488
1048
1488
1048
1488
1048
1488
291
1488
291
1488
291
1488
1970
356
372
1530
80
639
80
639
80
639
80
639
80
1530
372
1530
1609
1530
1609
1710
821
1710
758
999
2101
1939
2101
1870
2101
344
562
344
562
2579
562
2579
2580
2277
2580
2277
2580
2277
2580
2277
2580
2277
2580
1255
858
1255
2580
1255
2491
2128
2491
2128
2491
2128
2491
2128
2491
1255
2491
1255
1488
1345
964
2382
964
861
2509
990
2509
990
793
1173
1833
2388
1833
2388
1537
122
2592
1963
2592
1963
1914
122
2388
71
1986
512
1986
512
1573
204
135
204
135
1761
907
1784
907
1784
1761
1235
2314
518
2120
518
2120
1578
2590
371
1670
1679
1853
1679
1853
1947
1819
1818
1819
1818
1947
90
2217
90
2217
939
2718
1076
1075
1076
1075
968
2716
1016
1015
1016
1015
2716
2718
939
776
939
776
939
776
939
776
939
776
939
776
939
776
939
776
939
776
939
776
939
776
939
776
939
776
939
776
939
776
939
776
939
776
939
776
939
776
939
776
939
776
939
776
939
776
939
776
939
2217
1531
708
103
708
103
1954
844
1954
974
721
974
721
1453
671
2245
2122
914
15
914
15
1570
2141
1570
2141
1876
952
2151
952
2151
374
1094
116
1040
2536
1040
2536
1011
1428
1646
1428
1646
2239
846
2239
846
2148
560
2148
560
2361
285
2361
285
2679
2253
750
1462
1452
2535
1452
2535
116
1094
1767
1139
1767
1139
2007
612
1326
612
1326
106
918
106
918
2587
1327
872
382
872
382
1327
720
36
720
36
1658
1474
1658
1474
114
1561
114
1561
2229
76
943
2075
2430
2075
2430
349
943
76
2229
1339
2446
51
2446
51
1434
2378
1969
2378
1969
495
772
1916
772
1916
835
1657
1805
1657
1805
736
1857
736
1857
1749
675
1749
675
1722
395
1722
395
129
1755
129
1755
1582
1881
1582
1881
189
1066
1404
1066
1404
1405
762
1405
762
1862
1443
1862
1443
2110
1993
2110
1993
2648
324
323
324
323
2648
2423
2503
748
1052
748
1052
2503
2548
164
141
164
141
2633
1540
687
1540
687
2633
1473
1909
1473
1909
2548
1135
2653
1135
2653
533
683
1541
683
1541
667
668
667
668
2584
255
940
997
940
997
255
2584
942
941
942
941
1768
785
2596
785
2596
1768
2241
664
2246
664
2246
249
2241
331
532
331
532
54
555
753
555
753
1092
1082
481
400
731
2244
731
2244
2339
1370
2339
1370
545
1930
545
1930
477
561
477
561
2258
2252
342
2252
342
436
1306
436
1306
451
16
451
16
400
481
1082
1068
2553
1068
2553
435
2472
435
2472
707
1389
2601
1389
2601
904
407
904
407
1985
2302
1985
2302
2587
2007
374
1590
425
1590
425
1876
603
2122
603
1659
2258
1659
671
1653
2304
1653
1550
840
2118
840
2118
1398
619
2374
534
2374
483
329
133
329
133
2459
1450
2459
1450
2111
2466
744
1338
824
1960
984
2552
693
1260
693
1260
1571
2030
1892
798
1892
798
413
798
413
798
413
1596
1130
1652
1130
1652
2298
2242
829
2242
829
2338
1927
2338
1927
418
2539
2500
2539
2500
492
2157
328
2157
328
626
2424
139
2424
139
2236
163
1336
163
1336
2236
1981
2116
2222
2221
2222
2221
2116
1597
1959
1597
1959
747
726
747
726
1981
1330
849
1330
849
213
1601
213
1601
2327
441
2334
833
1596
2042
1960
2550
1192
2413
1192
2413
2550
2238
2111
1338
1960
44
1246
352
644
2417
944
2417
933
937
1727
79
1727
79
320
937
933
2257
2092
2469
2092
2469
2257
438
478
438
1585
790
1585
790
1585
803
950
803
950
1585
2220
1688
2220
1688
1585
1246
1585
1246
1585
1246
1585
1246
1585
1246
1585
1246
1585
1246
1585
1246
1585
1246
1585
1246
1585
1246
1585
1246
1585
1246
1585
1246
1585
1246
1585
1246
1585
1246
1585
1246
1585
1246
1585
1246
1585
1246
1585
1246
1585
1246
1585
1246
1585
1246
1585
1246
1528
2327
626
402
2249
2147
2452
2147
2452
1129
1127
1129
1127
975
2067
696
2067
696
975
1889
2104
1889
2104
2117
2454
2112
1538
2112
1538
2461
2498
2461
2498
738
2292
2021
2292
2021
1766
2247
809
2247
809
2499
1766
2499
539
799
1713
799
1713
1487
2380
1487
2380
2441
1760
2441
1760
549
662
549
662
1465
741
1465
741
1711
1879
1711
1879
471
1875
485
97
1388
2404
1388
2404
2479
427
2087
427
2087
2479
2003
128
2103
128
2103
2458
2143
2458
2143
1583
1426
1583
1426
1581
167
1581
167
1427
718
1427
718
719
322
719
322
127
1923
819
1923
819
485
97
1875
471
327
2020
2454
2117
2020
1479
1480
1479
1480
2023
539
2402
2023
2402
23
956
23
956
533
678
2423
678
1291
1753
1291
1753
2481
327
370
480
1238
480
1238
2002
127
370
369
1887
369
1887
2002
2003
402
2249
492
2684
733
1272
733
1272
418
2684
1617
926
927
926
927
2298
1617
1548
455
2034
455
2034
691
1626
58
1626
58
2153
691
2153
54
1092
707
2233
495
2233
946
835
252
189
252
946
1651
1811
1651
1811
2519
1256
2519
1256
404
1633
404
1633
30
2008
30
2008
457
865
457
865
2487
2390
2145
2390
2145
321
453
1921
453
1921
321
538
1322
538
1322
98
479
98
479
985
2097
712
2097
712
415
697
1253
697
1253
428
2293
2282
852
1686
910
1686
910
1394
2376
851
2376
851
852
2282
2293
428
1121
1131
1321
1131
1321
2309
2033
2309
2033
2095
190
2095
190
2358
2099
645
2099
645
389
408
2399
408
2399
890
886
887
886
887
885
1063
2053
1063
2053
2473
2358
2473
885
50
1418
1519
1418
1519
83
1394
564
1156
564
1156
2407
2409
1714
2409
1714
2407
1616
2154
1616
2154
1050
1043
1050
1043
2456
2357
1471
2357
1471
673
2657
673
2657
50
1715
2318
963
2318
963
890
1715
92
1726
92
1726
2369
294
2369
294
877
73
2360
2660
2360
2660
1051
102
1051
102
2294
1543
2294
1543
94
89
94
89
897
1643
897
1643
1644
263
2155
263
2155
1644
2079
434
1508
434
1508
1946
888
1946
888
2079
389
646
1286
646
1286
2047
2081
2482
2081
2482
489
2041
934
2041
934
1263
2370
1263
2370
489
2457
2240
2457
2240
1507
2004
1507
2004
880
2453
880
2453
1121
415
1259
1640
1259
1640
985
1816
2084
1816
2084
216
1137
1737
1137
1737
1968
1340
2086
1340
2086
1968
2098
746
1572
1974
1572
1974
746
349
2098
2352
35
2100
35
2100
1289
2306
406
2306
406
620
1025
165
1248
165
1248
1025
1822
620
1822
215
1393
215
1393
1729
1423
1729
1423
1067
2301
1067
2301
422
1605
422
1605
242
2295
242
2295
1739
1439
2405
1447
847
1447
847
2405
1439
1739
536
2106
536
2106
1650
2626
1621
2626
1621
1650
1460
1028
1460
1028
903
138
2044
138
2044
871
936
932
936
932
871
903
1462
2426
951
2426
41
1569
2299
57
682
621
2604
1691
426
1691
426
2604
621
938
1240
1401
1240
1401
1950
2281
1243
2281
1243
45
739
45
739
1441
224
1441
224
193
2267
2554
839
2554
839
2437
1886
2437
1886
1967
193
2267
2385
146
723
146
723
67
1347
67
1347
340
935
340
935
1950
2385
1967
2096
476
2329
476
2329
1988
383
1988
383
1387
2096
1387
2132
1551
37
1551
37
983
377
2009
377
2009
595
386
595
386
674
2537
674
2537
2005
2250
2005
2250
983
2132
1446
181
831
1360
831
1360
338
181
338
1396
2562
150
2562
150
2456
1396
690
2352
1289
690
1339
1434
216
2487
1524
275
1524
275
126
1931
126
1931
2291
2481
738
2014
1653
2217
1854
206
1854
206
1235
2314
1497
1573
1497
577
763
2388
71
2388
1914
2388
2715
2388
763
2388
763
2388
763
2388
763
2388
763
2388
763
2388
763
2388
763
2388
763
2388
763
2388
763
2388
763
2388
763
2388
763
2388
763
2388
763
206
968
206
763
206
763
206
763
206
763
206
1386
1851
1676
1851
1676
14
1196
268
1577
1194
1577
1194
1801
1189
1801
1189
1421
1675
1421
1422
2666
727
774
1948
2429
1374
2429
1374
2429
1374
2429
1374
2429
1422
206
1386
206
2217
206
2217
206
2217
206
2217
206
2217
206
2217
206
2217
206
2217
206
2217
206
2217
206
2217
206
2217
206
2217
1333
964
1488
964
1488
964
1488
964
1488
964
1488
964
1488
964
1488
964
1488
964
1488
964
1488
964
1488
964
1488
964
1488
964
1488
964
1488
964
1488
964
1488
1255
1488
1255
1488
1255
1488
1255
1488
1255
1609
1710
999
1710
1255
1710
1255
1710
590
1977
2090
1977
590
373
1820
1224
1745
2344
2138
2344
2138
2654
362
2654
362
1782
362
1782
362
1782
362
1782
362
1782
362
1782
362
1782
362
1782
362
1782
362
1782
362
1782
362
1782
362
1782
362
1782
362
1782
362
1782
362
1782
362
1782
362
1782
362
1782
362
1782
362
1782
362
1782
362
1782
362
1782
362
1782
362
1782
362
2013
1224
2013
1224
2013
2673
1907
1702
1899
251
1899
251
2013
1907
2013
362
2013
362
2013
362
2013
2375
1942
1457
2015
1457
2375
2013
2375
2013
2375
2013
2375
2013
2375
2013
2375
2013
2375
2013
2375
2013
2375
2013
2375
2013
2375
2013
2375
1710
1382
2209
1382
2209
1382
2209
1382
2209
1382
2209
1382
2209
1382
2209
1382
2209
1382
2209
1382
2209
1382
2209
1382
2209
1382
2209
1382
2209
1382
2209
1382
2209
1382
2209
1382
2209
1382
2209
60
2209
60
2209
60
2209
60
2209
60
2209
60
638
60
1333
2217
1333
2217
1333
2217
1333
60
1333
60
1333
60
1333
60
1333
60
1333
60
1333
60
1333
60
1333
60
1333
60
1333
60
1333
60
1333
60
1333
60
1333
60
1333
60
1333
60
82
779
1710
779
1710
779
1710
779
1710
779
1710
779
60
779
60
779
60
779
60
779
60
779
60
779
60
779
60
779
60
779
60
779
60
779
60
779
60
779
2375
779
2375
779
2375
779
2375
779
2375
779
2375
779
2375
779
2375
779
2375
779
2375
779
2375
779
2375
779
1653
2291
83
73
877
73
2047
73
1446
2429
1422
2429
1422
2429
1422
2429
1422
2429
1422
2429
1422
2429
1422
2429
1422
2429
1422
2429
1422
2429
1422
1653
1422
1653
1422
1653
1422
1653
779
1653
779
1653
779
1653
779
1653
779
1653
73
1653
73
1653
73
1653
73
1653
73
1653
73
1653
73
1653
73
1653
73
1653
73
1653
73
1653
73
1653
73
1653
73
1653
73
1653
1653
1653
