x
1
2131
901
2689
1478
2439
2506
1707
1187
787
207
223
991
333
861
1929
1928
2715
1440
1788
2496
2591
1354
1901
990
1723
1757
2364
1748
763
1173
1341
2342
793
2509
1743
2664
1962
359
599
1345
1211
1773
1932
177
964
899
1115
2629
1618
1091
2615
1956
1079
297
180
120
220
8
769
1706
1080
2346
2345
543
1999
1273
1544
2129
2130
185
1576
2184
2214
1225
1363
1869
1410
1218
1047
2623
2037
2605
2382
881
2609
376
2350
2655
2421
989
2639
2650
1188
1333
1020
884
257
2397
1832
2183
1672
2161
1399
1090
1849
1031
1245
782
2031
2001
1283
1282
1751
1898
1449
804
2589
329
133
775
1406
1070
2326
1712
1587
309
2026
980
345
567
566
565
1454
669
278
1445
2144
677
1244
1620
1619
396
1594
1337
610
388
1595
44
1983
154
246
2583
1935
2383
2094
893
894
1246
1065
1064
2288
1292
2319
2449
954
1736
2068
397
2321
827
325
1484
352
644
643
642
475
1867
843
2039
803
2417
933
937
1727
79
438
1718
777
320
1945
1943
1944
950
814
101
259
2107
650
1239
1863
445
2574
2571
261
629
676
88
2636
548
593
100
1602
1770
48
2015
104
1053
47
1457
132
1942
981
1607
2336
895
326
2311
2450
155
2071
1059
2576
1937
705
735
478
1138
790
1433
1709
1585
1099
1546
2257
2092
2469
944
672
2418
1529
231
2108
710
1252
925
2237
1528
628
213
1601
1301
233
1377
2335
239
1949
2334
544
2286
441
398
328
711
2014
2338
218
464
908
1451
833
1130
1652
2242
829
1927
418
2539
2500
492
2157
626
2424
139
2236
163
1336
2327
1330
849
2221
2222
2116
1597
1959
1981
726
747
402
2249
2147
2452
1129
1127
975
2067
696
1617
926
927
2298
1272
733
2684
1889
2104
2117
2454
2020
662
1711
1879
471
1875
485
97
1388
2404
2479
127
322
719
427
2087
2003
128
2103
2458
2143
1583
1426
1581
167
1427
718
2002
1238
480
1887
369
370
1923
819
327
741
1465
549
1760
2481
1291
1753
2441
2380
1487
1713
2402
539
2499
2021
2292
1766
2247
809
997
956
23
799
2023
1480
1479
2112
1538
2498
2461
738
2034
455
691
1626
58
2153
785
2596
664
2246
510
2073
854
754
618
240
2265
1814
1548
238
2113
828
2467
18
786
1150
1411
463
1603
798
1379
1152
824
2325
2442
1338
1320
1417
1911
465
2379
832
810
188
409
1894
715
2251
2042
1584
1455
1596
1604
1268
1300
709
830
490
413
1459
318
432
433
1892
1910
670
2030
1571
2297
665
75
2105
105
1141
909
1622
2254
740
695
698
1442
692
1653
186
2091
2080
1128
319
405
292
1453
1435
1412
1372
178
625
2678
494
1656
2631
2109
1431
671
1635
1654
2330
295
2140
2433
1024
737
766
1458
444
2566
493
2411
602
2567
2464
1550
840
2118
773
841
458
316
2368
1486
312
1398
222
1114
337
1989
2290
2304
1632
2260
1771
2082
136
276
2238
1353
2065
2534
368
1450
2111
2459
2355
1516
781
2074
461
619
416
417
1103
1593
452
2542
2541
1708
459
420
293
534
241
857
314
1683
912
1716
2373
166
1237
1511
2645
1678
1808
232
2428
330
2028
1231
2483
1181
1413
248
91
1492
1170
805
379
2198
1803
2665
1848
2551
587
661
1671
1100
1800
1717
1466
608
1097
103
708
1133
1132
1818
1819
1868
1366
1947
1853
1679
2058
1673
1670
896
2347
315
1777
1030
2734
2089
1647
1284
1148
542
1806
1109
2043
1395
1896
69
1828
2586
234
1357
1359
1407
1831
1830
467
483
470
2443
158
1356
1797
947
1117
2480
978
1754
439
2387
1309
900
375
1089
1402
2049
173
1364
553
2389
717
2072
649
2077
2119
656
2216
1227
2624
2277
2312
558
2514
1298
1217
214
1494
655
1221
1725
2695
2661
2662
99
2580
1119
366
1207
1575
43
529
1116
862
202
759
1145
1255
1661
930
521
1425
2474
1888
1520
1872
2273
627
1666
1165
301
1175
1997
1019
1636
291
1488
1039
586
2593
611
2703
1048
1303
960
962
2308
2059
2540
2185
557
1367
270
2517
1083
1213
568
1625
201
60
303
517
310
2640
2136
1536
1250
351
2137
581
1037
1169
2261
203
2690
1355
537
1193
1162
1163
1521
2733
380
2649
1026
1229
161
2061
2268
2594
2343
598
2531
911
856
507
1542
504
1294
2173
123
1568
1464
2162
1794
372
1438
2269
1391
1955
1168
2359
254
2646
2050
299
1970
2527
11
973
2125
1694
1023
1933
356
1350
1369
1807
308
2305
883
1703
2209
196
2210
2516
2427
1496
497
2174
1179
2274
2159
1565
582
486
1382
2699
208
63
1834
795
988
2634
1609
121
1485
1510
965
2307
1343
506
1105
505
1183
969
3
1984
311
384
2720
2494
1329
2196
134
2124
1783
1612
1311
1271
797
820
1515
1251
2620
1477
2617
159
1778
2228
1108
623
1699
882
1532
624
1829
622
1295
2559
2152
2126
1161
1850
2392
2627
2133
1038
5
616
2599
1756
1858
2029
1772
2190
1313
2206
755
2193
1837
588
1870
175
194
274
961
992
1190
1299
821
2284
302
2547
2186
2310
2203
2218
184
2701
1973
2602
2285
182
858
1095
1698
1506
2663
364
1205
1579
1530
1809
80
21
639
2128
2491
2213
562
32
1990
2579
343
2585
344
1939
1965
1966
2101
235
1880
606
1461
2212
551
253
2435
783
1847
813
2693
654
347
1663
1793
1860
2207
1346
2201
972
2270
2195
1798
2227
1106
859
2687
1697
2525
758
2502
2362
999
1084
2272
1884
1061
853
2333
725
1385
394
1600
1476
1475
1155
614
986
613
1314
156
393
361
1648
93
65
429
2367
2366
1254
1088
195
866
1688
2220
949
2448
1908
928
212
260
845
2264
1941
151
2533
1951
2337
385
341
2644
1890
757
142
157
350
2038
1936
288
2632
391
2575
1482
2434
760
713
59
367
1042
1149
2622
875
2296
2083
615
2647
749
636
2055
1242
1085
2025
363
1324
267
1280
1934
392
424
2403
2560
2056
953
168
2324
1938
1915
2414
716
454
742
61
591
743
373
1631
891
1606
1000
2320
848
411
410
265
95
2377
1335
1483
1517
1629
1574
399
1918
967
635
1214
547
658
641
1302
1733
2303
256
1005
1258
1470
1812
2375
751
1160
1592
1735
637
1952
130
640
1865
1101
2561
2078
1001
1414
1630
1288
1972
1527
2608
771
484
1297
2018
2172
1120
1742
2054
2013
226
1054
802
1342
2371
1219
919
2694
2606
334
1104
1206
2488
174
528
1157
1786
1835
1375
1701
2673
1535
1724
1979
2490
1376
1907
1055
2215
33
1744
1209
499
20
498
1074
1307
794
1122
2477
2676
378
2432
2271
573
2722
1264
107
298
2674
1780
1705
1384
2610
1555
2651
2224
1305
2276
1782
354
496
1198
2497
1704
2603
258
2393
2725
1500
1073
2263
648
1838
2691
2230
801
2613
2016
2705
1124
2231
2401
2164
2208
81
2188
1215
1787
488
1567
1281
1032
2612
1203
1204
2697
1371
1958
556
362
1400
1785
171
2182
1202
2396
1792
2027
2529
570
1171
2581
2578
2179
2197
2192
19
1437
1554
2156
1741
1007
2526
2046
2415
2696
10
183
571
1566
2706
2211
2688
1308
1176
2134
1448
2181
2226
1957
1873
2289
633
1199
1078
2262
2618
1903
1275
1274
243
273
358
597
2724
2659
1791
2619
2266
2012
1228
1926
2582
1913
1980
2616
1381
550
1702
2675
1018
1178
525
2489
2505
1107
2178
2712
1044
1077
450
449
145
2570
251
1899
1545
2642
2692
770
219
2719
1861
1789
1611
1610
878
2621
250
1467
4
2017
191
1224
1010
1234
1093
160
1774
2630
1790
2166
2538
1468
509
826
836
1424
1763
2726
1745
2171
2563
513
227
1312
1110
1549
601
1158
70
1216
2731
572
1893
2344
2138
2654
2051
7
137
1403
1902
1166
9
2668
2478
2708
503
1877
124
2205
516
500
2204
554
22
2170
2732
2709
2123
1522
2522
527
761
580
1660
86
1504
1904
1693
2513
1267
1534
924
192
2717
1409
2476
1463
2667
657
2223
1201
630
1781
1310
148
272
82
2702
2532
2189
1526
515
2686
2707
176
1378
1779
2163
779
1296
780
514
1014
1533
317
1642
119
1505
170
1864
1667
2200
2729
1639
2006
2045
1552
2202
502
1662
1769
2127
2504
64
1905
508
1746
1344
1680
1495
1710
1842
1665
78
2165
2672
1009
1022
1776
1304
585
869
2721
812
631
2175
2283
2422
1096
526
2169
2167
2698
2187
1057
2199
1481
2501
604
578
1664
2597
1013
2713
1846
1638
1087
2556
1230
1721
1775
2669
2670
594
1878
1509
2727
1732
1420
2135
1419
647
569
1331
1836
225
1614
796
2341
1172
1180
200
1200
1236
2048
2528
108
959
1564
2168
2730
929
501
2436
62
1111
1824
1845
313
632
1820
40
1589
2062
55
68
511
2090
1977
590
694
2658
1750
791
519
1325
2555
1859
1759
279
149
2158
818
792
971
789
1539
1113
1277
87
332
1964
1823
1257
1747
1432
1072
1351
2468
2465
1112
1628
1817
1429
756
421
1689
2234
1649
1557
679
74
1885
1734
390
2064
744
2466
1518
2588
984
1960
2552
693
1260
2550
2413
1192
26
27
1924
1293
28
2485
724
2115
1328
280
66
52
1925
1416
2000
811
2685
49
1081
659
1930
545
2258
2252
2339
1370
2244
731
753
400
481
1082
1092
555
54
532
331
2568
249
948
2241
1768
941
942
940
255
2584
667
668
1541
683
687
1540
2633
141
164
1473
1909
2548
2503
748
1052
2233
1389
2601
904
407
106
1985
2302
382
872
114
1561
2229
76
943
2075
2430
349
746
2098
1340
1968
2086
851
2376
1686
910
1418
1519
83
2282
2084
1816
216
1737
51
2446
1434
736
1857
1722
675
1749
1137
1805
835
1657
395
129
1755
1582
252
946
772
1916
495
1969
2378
1339
1474
936
932
1767
1139
2007
374
1094
116
1452
2535
2044
138
871
1658
36
720
1327
2587
918
612
1326
2472
435
2553
1068
707
1135
533
2653
678
323
324
2648
1993
2110
2423
1443
1862
762
1405
1404
1066
189
1881
1651
1811
2519
1256
404
1633
30
2008
1921
453
2291
1931
126
275
1524
865
457
2487
2390
2145
321
538
1322
98
479
985
1640
1259
712
2097
415
697
1121
1131
1321
2309
2033
2095
190
2358
2099
389
645
2473
2053
1063
885
50
887
886
890
963
2318
1715
1726
92
2369
877
294
73
2360
2660
1051
102
2294
1543
89
94
888
1508
434
2399
408
2079
1946
897
1643
1644
2155
263
2047
1286
646
2482
2081
489
2041
934
1263
2370
2240
2457
2004
1507
880
2453
1253
428
2293
852
1394
564
1156
2407
2409
1714
1616
2154
1050
1043
2456
2357
1471
673
2657
1974
1572
2352
690
35
2100
1289
2306
406
620
1650
2626
1621
1067
2301
1423
1729
1396
2562
150
1393
215
1822
1025
165
1248
903
1028
1460
1978
179
39
2253
617
2679
1021
2471
1123
2445
1645
682
2682
446
448
447
686
913
285
2361
560
2148
307
1738
198
1839
2573
589
734
2146
2356
2232
13
1953
1563
1319
1856
2523
815
1126
1456
197
144
2558
56
2475
1086
1569
1098
2349
41
2460
688
269
1136
34
1765
704
996
443
607
115
1719
1058
2069
2425
2150
412
2569
2406
1323
1764
1352
2372
666
2444
24
305
2438
401
663
336
1361
920
541
1143
1728
2019
2420
2507
714
1041
113
236
1045
873
874
1598
806
1374
2085
2353
1140
2149
1840
289
1897
1690
2036
2093
575
1692
1118
430
703
701
702
1586
53
1390
31
1278
2011
2515
1559
1349
2508
2470
1154
685
2225
1855
2635
524
2518
1681
1436
1558
596
808
277
2010
147
1071
1012
889
2484
1991
995
72
2088
680
487
1624
2066
1151
1623
2381
266
1069
2486
1841
998
2666
2711
2398
987
1992
2495
958
2520
1167
563
1266
1373
1627
211
286
727
2572
1687
729
728
730
2316
1975
96
1049
2219
1900
774
1615
1608
1241
1685
993
945
660
1948
2543
1397
979
2598
1191
651
1523
125
834
1358
244
442
2323
2322
403
153
414
1008
842
1883
535
2429
2275
1125
2114
1906
1017
609
2595
1871
456
2235
2680
1762
1682
732
722
2386
817
1408
1247
1588
2317
2255
739
45
1243
2281
1950
146
723
67
1347
1439
2295
2106
536
1739
847
1447
2405
340
242
1605
422
1360
831
338
181
2329
383
1988
1387
476
2096
2132
1446
1551
37
983
377
2009
595
386
674
2537
2005
2250
224
1441
193
1967
1886
2437
839
2554
2267
2385
1401
1240
426
1691
2604
935
621
938
118
2040
2259
540
162
419
2408
230
431
46
860
357
1153
1003
2549
423
140
2102
187
1940
1987
652
2348
482
283
1513
1553
2248
117
706
1430
2024
600
2351
634
1920
57
2451
1029
2299
1655
2683
2463
1844
2287
2440
2313
440
281
296
1646
1428
2426
951
1562
1142
1917
143
2239
846
750
1062
917
1462
1720
131
1011
1684
2160
2536
1040
2151
952
1876
2141
1570
15
914
2122
603
436
1306
425
1590
451
16
342
1659
561
477
466
85
2243
699
788
2245
700
653
892
1752
906
469
42
2142
1270
468
1290
1102
2565
237
1912
1730
681
2354
1334
1392
574
282
2300
290
348
1531
2577
974
1491
38
112
1634
437
2447
109
346
1285
752
1469
1825
1262
381
17
922
721
462
923
1954
879
284
1591
844
1731
1503
2395
520
2070
1348
25
1874
2332
1810
2374
1444
2331
807
1134
1147
1895
2076
1843
816
1362
838
1882
2557
2328
473
921
2462
262
1315
1316
764
12
2384
1919
217
111
472
1599
1223
2510
339
491
1046
837
210
460
221
2564
1758
1279
1922
264
1976
1261
1027
205
850
1317
1815
1827
1287
2340
474
1740
1177
689
1580
684
745
2455
2681
1826
1004
2063
1212
2363
977
1998
1677
1852
1210
1891
2628
287
931
1144
864
304
1233
209
1035
1994
1813
2217
365
6
1182
1637
387
306
1696
800
2625
2545
2530
2544
1269
90
2419
905
2643
559
823
2060
247
855
371
2723
902
546
1821
1368
1514
970
552
1674
1034
1961
1186
2524
84
1159
523
1578
2710
2315
110
2412
2400
1002
2714
2611
577
1249
2511
1497
1761
1235
2314
518
2120
2590
898
1383
1220
765
2057
1700
2638
2278
1226
2704
2394
2600
1006
976
360
966
2410
1060
2431
957
1799
152
1490
335
2052
1146
271
1556
767
605
863
1195
1547
825
1185
822
2492
2176
2121
522
229
245
1641
1033
576
1613
2032
2416
1265
1669
1971
1796
2391
300
1422
1489
2521
579
1332
1499
2279
531
530
2035
584
1675
2365
1802
1668
870
1502
2641
1501
1866
2637
955
583
1386
1851
1676
14
916
915
2177
1174
1196
867
592
1982
784
355
268
169
1577
1194
1189
1801
1421
1804
1276
1695
1795
77
776
2728
768
2546
1472
1996
1197
868
1525
778
2
2607
1036
2022
2493
2656
876
1222
2652
29
2191
939
1232
2280
1184
2256
199
994
2139
1365
2700
1512
1415
1854
206
1208
1015
1016
2716
2718
1076
1075
968
228
1318
982
1784
907
135
204
1573
512
1986
71
1914
2592
1963
1833
2388
2512
172
1537
122
2671
1560
1498
1493
1056
1995
2614
2194
1380
2677
638
1164
353
2180
