x
1
2131
1
2131
1
2131
1
2131
1
2131
1
2131
1
2180
1
2180
1
2180
1
2136
2640
2664
2640
2664
2640
2664
2640
2664
2640
2136
2640
517
303
517
303
517
303
201
303
201
303
201
303
201
303
201
303
201
303
201
1625
568
1625
568
1625
568
1625
568
1625
201
60
201
60
201
60
201
60
1536
1250
581
2137
581
2137
581
1250
581
1037
581
1037
1169
1037
1169
1037
1169
1037
1169
1037
1169
1037
2261
203
2690
203
2690
203
2690
203
2261
203
2261
1037
2261
1037
351
1536
60
380
1026
2649
1026
2649
1026
2649
1026
2649
1026
2649
1026
2649
1026
2649
1026
2649
1026
2649
1026
1229
161
2061
2268
2061
2268
2061
2268
161
2268
161
2268
161
2268
161
2268
161
1229
161
1229
161
1229
973
2125
1694
2125
1694
1023
1694
1023
1694
1023
1933
1350
1933
1350
1933
1350
1933
1350
1933
1350
1933
1350
1933
1350
1933
1350
1933
1350
1933
1350
1933
1807
1369
1807
1369
1807
1369
1807
1369
1807
2162
1794
1438
1794
1438
1794
1438
1794
1438
1794
1438
1794
1438
1794
1438
1794
2162
1794
2162
1464
2162
1464
2162
1464
2162
1464
2162
1464
1568
123
2173
123
2173
123
2173
123
2173
123
1568
123
1568
1464
1568
911
2531
911
2531
911
2531
911
2531
911
2531
598
2343
598
2343
598
2343
2594
2343
2594
308
1023
308
1023
2050
299
2050
299
2050
299
2050
2646
254
2646
254
2646
254
2646
254
2646
254
2646
254
2646
254
2646
2050
2646
2050
1023
2050
1023
973
11
973
11
1970
2308
962
2308
962
2308
962
2308
962
2308
962
960
962
960
962
960
962
960
962
2059
2540
2059
2540
2059
2540
2059
2540
2059
2540
2059
2540
2185
557
1367
1083
270
2517
270
2517
270
2517
270
2517
270
2517
310
2517
310
2517
310
2517
310
2640
310
2640
310
2640
310
1083
1367
1083
1367
1083
1213
1083
1213
1083
1213
1083
1213
1083
1213
1083
1213
2527
1213
2527
1970
2527
557
2185
2540
2185
2540
2185
2540
1488
1636
1039
1636
1039
586
2593
586
2593
586
2593
611
2593
611
2593
611
2593
611
2593
611
2593
611
2593
611
2703
611
2703
1048
1303
1048
1303
1048
1303
1048
1303
2359
1168
1955
1168
1955
1168
1955
1168
1955
1168
1955
1168
1955
1391
1955
1391
1955
1391
2269
1391
2269
1391
2269
1530
1579
364
1205
1973
2701
862
2701
862
2701
862
2701
862
2701
862
2701
862
202
759
1145
759
1145
759
1145
759
1145
759
1145
759
1145
759
1145
759
1207
1575
1207
1575
1207
1575
1207
1575
1207
1575
1207
1575
759
1575
759
1575
759
1575
43
1575
43
1575
43
2072
366
2077
2119
2077
2119
2077
2119
2077
2119
2077
2119
2077
2119
656
2119
656
2119
656
2119
656
2119
656
2216
2661
2662
99
2662
99
2662
99
2662
99
2662
99
2662
99
2662
2661
2662
2661
2662
2661
2216
2661
2216
1227
2624
1227
2624
1227
2624
1227
2624
1227
2624
2277
655
1221
655
1221
655
1221
655
1221
655
1221
655
1221
655
1221
1725
1221
1725
2695
521
930
1661
930
1661
930
1661
930
1661
930
1661
930
1661
930
1661
656
1661
656
521
1425
2474
1888
2474
1888
2474
1888
2474
1888
2474
1888
2474
1888
2474
1888
2474
1888
2474
1888
2474
1888
1520
1888
1520
1872
1520
1872
1520
1872
1520
1872
1520
1872
1520
1872
2273
1872
2273
1666
627
1666
627
1666
627
2421
2655
2421
2655
2421
2655
2421
2655
2421
2655
2421
2655
2421
2655
2421
2655
989
2655
989
2655
989
2639
2650
2639
2650
2639
2650
2639
2037
2605
2037
2605
2037
2605
2037
2605
2037
2605
2037
2605
2037
2605
2037
2639
2037
2639
2350
2609
881
2609
881
2609
881
2609
881
2609
881
2609
881
2382
881
2382
881
2382
881
2382
881
2382
1175
1997
1019
301
1019
301
1019
301
1019
301
1019
301
1019
301
1019
301
1019
1997
1019
1039
1019
1039
1019
1039
291
1039
291
1039
291
1039
291
1039
291
1039
2703
1095
1698
1095
1698
1095
1698
182
858
182
858
182
858
182
858
182
858
182
858
182
1698
182
1698
182
1698
182
1698
2663
1506
2663
1506
2602
2285
2602
2285
2602
2285
2602
2285
2602
2285
1506
2285
1506
2285
1506
2285
1506
2285
1506
364
1205
1973
364
1579
364
1973
364
1973
364
1973
364
1973
364
1973
364
1530
1809
1485
121
1510
121
1510
121
1510
121
1510
121
1510
121
1510
121
1485
121
1485
121
1609
121
1609
121
1609
2634
988
2634
988
2634
988
2634
988
2634
504
1542
1834
1542
1834
1542
1834
63
1834
63
1834
63
1834
63
507
856
507
856
507
856
507
856
1568
856
1568
856
1568
2594
1568
2594
1568
2594
1568
2594
2305
883
1703
2516
1703
2516
1703
2516
1703
2209
1703
2209
1703
2209
1703
2209
1703
883
2305
2594
2305
2594
2305
2594
2305
2594
2305
2594
2531
196
2210
1179
2210
1179
2210
1179
2210
1179
2210
1179
2210
1179
2210
1179
2210
1179
2174
1179
2174
1179
2174
1179
2174
497
1496
2427
1496
2427
1496
2427
1496
497
1496
2174
1496
2174
1496
2174
1496
2174
1496
2174
1496
1193
537
1355
537
1355
537
1355
537
1355
537
1193
1162
1163
1162
1163
1162
1163
1162
1163
1521
2733
1521
2733
1521
2733
1521
2733
380
2733
1163
2733
60
2733
60
2733
60
1229
1023
356
2359
356
2359
356
2359
356
2359
356
1303
1488
1303
1488
1303
1488
1303
1488
1303
1488
1303
1488
1303
2703
1698
1506
364
1530
1809
1530
1809
1530
80
639
21
965
21
965
21
965
21
965
21
965
21
965
2307
506
1105
506
1105
506
1105
1756
1105
1756
1343
2307
1343
2307
1343
1756
1858
2029
1858
2029
1858
2029
1858
2029
1858
2029
1858
2029
1858
2029
1858
2029
1858
2029
1858
2029
1858
2284
302
2284
302
2284
1772
2284
1772
2284
1772
2284
1772
2284
2190
1313
2206
1313
2206
1313
2206
1313
2206
1313
2206
1313
2206
1313
2206
1313
2206
1313
2206
1313
2190
755
2193
1837
2193
1837
2193
1837
2193
755
588
755
588
1870
175
194
274
194
274
194
274
194
274
194
274
194
274
961
274
961
992
961
992
961
1190
1299
1190
1299
1190
1299
1190
1299
1190
1299
1190
1299
1190
1299
1190
1299
821
1299
821
1299
821
1299
821
1680
1344
1680
1344
1680
1344
1680
1344
1680
1344
1680
1495
1710
1842
1665
78
1665
78
1665
78
1665
78
1665
78
1665
78
1665
78
1665
78
1665
78
1665
78
1665
1842
1710
1842
1710
1495
1710
1495
1710
1495
1710
1495
1710
1495
1710
1495
1710
1495
1710
1495
508
1697
2525
1697
2525
1697
2525
1697
2525
1697
2525
859
2687
859
2687
859
2687
859
1106
2227
1106
2227
1106
2227
2504
64
2504
64
1905
64
1905
64
1905
64
859
2525
859
2525
859
2227
1798
2227
1798
2227
1798
2227
1798
2227
1798
2270
2195
2270
2195
2165
2672
1984
1009
1984
1009
1984
1009
311
1009
311
1009
311
1009
1022
1776
1022
1776
1022
1776
1022
1776
1022
1776
1022
1776
1022
1776
1022
1776
1022
1304
585
1304
585
1304
585
1304
585
1304
585
1304
585
1304
585
1304
585
2422
2283
2422
2283
2422
2283
2422
2283
2721
812
631
812
631
812
631
812
631
812
631
812
631
812
631
812
2721
812
2721
812
2721
869
2721
869
2721
869
2721
869
585
869
585
869
1022
1009
2672
3
969
3
969
3
969
3
969
3
969
1183
969
1183
969
1183
969
1183
969
1183
969
1183
969
1183
505
882
1699
882
1699
882
505
882
505
2599
616
2599
616
2599
616
2599
616
2599
616
2599
616
2599
616
2599
505
2599
505
1756
1495
508
1746
2502
2362
2502
2362
2502
2362
2502
1746
2502
1746
2502
1746
2502
1746
2502
1746
508
821
588
1870
175
1870
175
1870
175
1870
175
1870
175
1309
2387
439
2387
439
2387
439
2387
439
2387
439
1754
439
1754
2480
1117
947
1117
947
1117
947
1117
947
1117
947
1117
947
1117
947
1117
947
2585
343
2585
343
2585
343
2585
343
2585
343
2585
343
2585
343
2585
343
2579
343
2579
343
2579
1751
1282
1283
1282
1283
1282
1283
1282
1283
2001
782
1245
782
1245
782
1245
782
2001
782
2001
782
2001
782
2001
782
2001
782
1283
1751
1898
1449
470
1449
470
1449
470
1449
470
1449
470
1449
470
1449
470
1449
470
483
1830
1831
1830
1831
1830
1831
1830
1831
1830
1831
1830
1831
1830
1359
1357
1359
1357
1359
1357
1359
1357
1359
1357
1359
1357
1359
1357
1359
483
1359
234
2586
234
2586
234
2586
234
2586
234
2586
234
2586
234
2586
534
293
420
293
420
293
420
293
534
293
534
293
241
857
241
857
241
857
241
857
241
857
241
1896
241
1896
241
1896
241
293
1395
2043
1109
1806
1109
1806
1109
1806
1109
1806
542
1148
542
1148
542
1148
542
1148
542
1148
542
1148
1284
1647
1284
1647
1284
1647
1284
1148
1134
807
1134
807
1134
807
1134
807
1134
807
1134
807
1134
807
1134
807
2331
1444
2332
1810
2332
1810
2332
1810
2332
1810
2332
1810
2332
1810
2332
1810
2332
1810
1444
1810
2374
1810
2374
1810
2374
2541
2542
2541
2542
2541
2542
2541
2542
2541
2542
2541
2542
2541
2542
2541
1708
459
1708
459
1708
452
1593
1103
1593
1103
1593
1103
1593
1103
1593
1103
1593
1103
1593
452
1593
452
1708
452
1407
452
1407
452
1407
452
1407
452
1407
452
1407
1359
1407
467
329
2589
804
2589
804
2589
804
2589
804
2589
804
2589
804
2589
804
2589
775
1406
775
1406
775
1406
1070
2326
1070
2326
1070
2326
1070
2326
1406
2326
1406
2326
1712
1587
309
1587
309
1587
309
1587
309
2026
980
2026
980
2026
980
2026
980
2026
980
566
567
566
567
566
567
566
567
566
567
566
567
566
567
565
567
565
567
565
567
565
1454
565
1454
565
1454
669
278
1445
278
1445
278
1445
278
1445
278
1445
278
1445
677
1445
677
1445
188
1244
188
1244
188
1244
188
1244
188
1244
188
1244
188
1244
1620
1619
1620
1619
1620
396
1620
396
1620
396
1594
1337
610
1337
610
1337
610
1337
610
1337
610
1337
610
1337
610
1337
610
388
610
388
1595
388
1595
388
1595
388
1595
231
2108
710
1252
925
1252
925
1252
925
1252
925
1252
925
2237
1528
2237
1528
2237
1528
2237
1528
2237
1528
2237
1528
2237
1528
2237
1528
2237
1528
2237
1528
2237
1528
628
843
2039
475
2039
475
2039
475
2039
475
2039
843
2039
843
628
843
1867
672
1867
672
944
643
642
643
642
644
642
644
642
944
642
944
642
944
642
944
642
944
642
2417
933
937
1727
79
1727
79
1727
79
1727
79
1727
79
1727
79
1727
79
1727
79
1727
79
1727
438
1546
1099
1546
1099
1546
1099
1546
1099
1546
438
1546
2257
1546
2257
1546
2257
1546
2257
1546
2257
1546
2257
2092
2469
2092
2469
2092
2469
2092
2469
2092
2469
2092
2469
2092
2469
2092
2257
2092
2257
933
937
933
937
933
937
933
937
933
937
933
937
933
937
933
937
2257
1585
1709
1433
1709
1433
1709
1433
1736
2068
1736
2068
1736
2068
397
2068
397
2068
397
2321
827
2321
827
2321
827
2321
397
2321
397
1433
397
1476
1475
1476
1475
1476
1475
1476
1475
1476
1475
1476
1600
394
393
361
1648
93
1648
93
1648
93
1648
93
1648
93
65
1429
65
1429
65
1429
65
1429
65
1429
65
1429
65
1429
65
93
361
93
361
393
361
393
361
393
361
393
361
393
361
393
756
393
756
393
756
393
756
393
756
818
725
818
725
818
725
818
725
818
725
818
792
818
792
789
971
789
971
789
971
789
971
789
1539
789
1539
789
1539
789
1539
1113
1277
1113
1277
1113
1277
1964
1277
1964
1277
1964
1277
1964
332
1964
332
1964
332
1964
87
1112
2465
2468
2465
2468
2465
2468
2465
2468
2465
2468
2465
2468
1112
2468
1112
2468
1112
1817
2366
2367
2366
2367
2366
2367
2366
2367
2366
2367
2366
2367
2366
2367
2366
2367
2366
1254
1088
1254
1088
1254
1088
195
866
195
866
195
866
195
866
195
866
195
1088
195
1088
195
1088
195
1088
195
1941
845
2264
845
2264
1941
151
2533
1951
2337
1951
2337
1951
2337
1951
2337
1951
2337
1951
2533
1951
2533
1951
2533
151
2533
151
2533
151
2533
151
2533
151
2533
151
2533
151
2533
151
260
151
260
151
260
212
260
212
260
212
260
212
260
212
260
212
260
212
928
1908
2448
1908
2448
1908
2448
1908
2448
1908
2448
949
2450
949
2450
949
2450
949
2450
2220
2450
2220
2450
2220
2450
2220
1688
195
1941
2264
1941
2264
1941
2264
928
2448
928
2448
928
212
928
212
928
212
288
1936
288
1936
2038
385
341
385
341
385
341
385
341
2644
341
2644
341
2644
1890
142
1890
142
1890
142
1890
142
1890
142
1890
142
1890
757
1483
757
1483
757
1890
757
1890
757
1890
757
2320
848
2320
848
2320
848
2320
848
2320
848
2320
848
2320
1335
2320
1335
411
410
265
410
265
410
411
410
411
410
95
2377
95
2377
95
2377
95
2377
95
410
95
410
95
410
95
410
95
410
95
410
1628
1351
1628
1351
1628
1351
1628
1351
1628
1817
1628
1817
1628
1817
1112
1817
1112
87
1539
792
2158
149
2158
149
2158
149
279
1759
279
1759
279
1325
791
1750
791
1750
791
1750
791
1325
791
1325
791
1325
791
1325
791
1325
791
1325
791
1325
519
1325
519
1325
519
1847
783
1847
783
1847
783
1847
783
1847
783
1847
783
1847
783
1847
783
1847
783
1847
813
2693
813
2693
813
2693
813
2693
1847
1662
502
1662
502
1662
502
1662
502
2207
1346
2201
1346
2201
1346
2201
1346
2201
1346
2201
1346
2201
1346
2201
1346
2201
972
2201
972
1798
972
1798
972
1798
972
2127
1769
2127
1769
2127
1769
2127
1769
2127
1769
2127
1769
2127
502
2207
1860
654
1860
654
1860
654
1860
654
1860
654
1860
654
2693
502
2207
2202
2207
2202
1552
2045
2006
2045
2006
2045
1552
2045
1552
2045
1552
2045
2167
2169
2729
1639
2729
1639
2729
1639
2169
2167
2169
2167
2169
2167
2169
2167
2169
2167
2169
2167
2169
2167
2169
2167
2045
2167
2045
2175
2283
2175
869
2175
869
2175
869
2175
869
2175
869
2175
1096
526
170
1864
170
1864
170
1864
170
1505
170
1505
527
1505
527
1505
527
1505
527
1505
527
1505
527
1505
527
1505
527
1505
527
1505
527
761
527
761
2522
1522
2522
1522
2123
2709
2123
2709
2123
2709
2123
2709
2123
2709
2123
2709
2123
2709
2123
2709
1522
580
1660
580
1660
580
761
2713
1013
2597
1013
2597
1013
2597
1013
2597
1013
2597
1013
2597
1013
2713
761
2713
761
2713
761
580
761
580
761
580
1522
580
1522
580
1522
580
1522
580
500
2204
516
2204
516
2204
22
2170
22
2170
22
2170
22
2170
22
2170
22
2170
22
2170
22
2204
22
2204
22
2204
22
2204
500
2204
500
2204
500
2204
500
2204
500
2732
1533
1311
1271
1612
1271
1612
1271
1612
1271
1612
1271
1612
1271
1612
1271
1612
1271
1612
1271
797
820
1311
820
1311
820
1311
820
1311
317
1311
317
1642
317
1642
317
1642
317
1642
317
1642
317
1642
317
1642
119
526
1096
526
1096
526
1096
526
1096
526
1096
1639
2200
1667
2200
1667
2200
1667
2200
1667
2200
1667
2200
1639
2200
1639
2200
1639
2200
1639
2175
1639
2175
1663
347
1663
347
1663
1793
1663
1793
1663
1793
2698
2187
1057
2199
1057
2199
1057
2199
1057
2199
1057
2199
1057
2199
1057
2187
1057
2187
1057
2187
1481
2501
569
2501
569
2501
569
1331
1836
225
1836
225
1836
225
1836
225
1836
225
1836
225
1836
225
1836
225
1836
225
1836
225
1836
1331
569
1331
647
1419
1420
1419
1420
1419
1420
647
1420
647
1420
647
1420
647
1331
647
1331
647
1732
2727
1732
2727
1732
2727
1732
2727
1732
2727
1732
2727
1732
2727
1732
2727
1732
2727
1732
2727
1732
1509
1878
594
1878
594
796
1172
1180
200
1180
200
1180
200
1180
200
1180
200
1180
200
1180
200
2528
200
2528
200
2528
2048
2528
2048
2528
1172
796
1172
796
1172
796
1172
796
1172
796
1172
796
1172
796
594
796
594
796
594
1509
594
1509
1614
2670
2669
2670
2669
2670
2669
2670
2669
2670
2669
2670
2669
2670
2669
2670
2669
2670
2669
2670
2669
62
1111
2436
1111
2436
1111
2436
1111
2436
1111
2436
1111
2436
1111
2436
1111
1824
1111
1824
1111
1824
959
1564
959
1564
959
1564
959
1564
959
1564
959
1564
959
108
632
1845
632
1845
632
108
632
108
959
108
959
108
959
1824
959
1824
2341
2528
2341
2528
2341
2528
2341
2528
2341
2528
2341
2528
2341
1824
2341
1824
2341
1824
62
2669
62
2563
2171
2166
2538
2166
2538
2166
2538
2166
2538
2166
2538
2166
2538
1468
2538
1468
2538
1468
2538
1468
2538
1468
509
1468
509
1468
509
1468
509
1468
509
2668
836
826
836
826
836
2668
836
2668
836
1424
836
1424
836
1424
836
1424
836
2708
2478
2708
2478
2708
2478
2708
2478
2708
2478
1904
1693
2513
1693
2513
1693
2513
2205
124
2205
124
2205
124
2205
124
2205
124
2205
124
2205
124
2205
124
2205
124
1504
124
1504
2513
1504
2513
1504
2513
1504
2513
1504
1904
1504
1904
1504
1904
1504
1904
2478
1904
2478
1904
2478
1904
1403
1902
1403
1902
1403
1902
1403
1902
1403
1902
1403
1902
1403
137
2051
137
2051
137
2051
7
2051
7
2051
7
2051
7
2051
7
2051
7
1403
1904
1403
1904
1403
1166
9
1166
9
1166
9
1166
9
1166
9
1166
9
1166
9
1166
9
1166
9
1166
2344
2138
2344
2138
2344
2138
2344
2138
2344
2138
2654
2138
2654
2138
2654
2138
572
1893
572
1893
572
1893
572
1893
572
1216
2731
1216
2731
1216
70
1158
601
1158
601
1158
601
1158
601
1158
601
1158
601
1158
601
1158
601
1120
601
1120
601
1120
1742
2054
1742
2054
1742
2172
2018
2172
2018
2172
2018
2172
2018
2172
2018
1297
2018
1297
2018
1297
2018
1297
2018
1297
2018
1297
2018
1297
484
1297
484
1297
484
1297
484
771
484
771
484
771
484
771
484
771
484
771
484
1610
878
1010
878
1010
878
1010
878
1010
878
1010
878
1010
878
1010
878
1010
878
250
1467
250
1467
2621
1288
4
1288
4
1288
1972
1288
1972
1288
1972
1527
1972
1527
1972
1527
1972
2621
1467
1224
191
2017
191
2017
191
1224
191
1224
191
1224
929
501
929
501
929
2730
929
2730
929
2730
929
2730
929
1224
929
1224
929
1224
929
1224
929
1224
1234
1093
160
1093
160
1093
160
1093
160
1093
160
1093
160
1093
1774
227
513
227
513
227
513
227
513
227
513
227
513
227
513
227
513
227
513
227
513
1774
2630
1790
2630
1790
2630
1790
1774
513
1774
1790
1774
1790
1774
1790
1774
1790
1774
2171
2726
1763
2726
1763
2726
1763
2726
1763
2726
1763
2726
1763
2726
1763
2726
1763
2726
1763
2726
1763
1745
1763
1745
509
1745
509
1745
509
1745
2171
2563
62
2563
62
2563
1721
1775
2556
1775
2556
1775
2556
1775
2556
1775
2556
1775
2556
1775
2556
1087
1638
1087
1638
1846
1638
1846
1638
1846
1638
1846
1638
1846
1638
1846
1638
1846
1638
1846
1638
2556
1721
2556
1721
1230
1877
503
1877
503
1877
503
1877
503
1877
503
86
503
86
503
86
503
86
503
86
580
119
134
2124
1783
2124
1783
2124
1783
134
1783
134
1783
134
1783
134
1783
134
1783
134
2196
1329
2494
2720
2494
2720
384
2720
384
624
1829
622
1829
622
1829
622
1829
622
1829
622
1829
622
1829
622
623
1532
623
1532
623
1532
623
1532
623
1532
624
1532
624
1532
624
1532
622
1108
2559
1108
2559
1108
2228
1108
2228
1778
2228
1778
159
1329
2196
1329
2196
1329
2196
1329
159
1329
159
1329
159
1778
159
1778
2617
1477
2617
1477
2617
1477
2617
1477
2617
1477
2617
1477
2617
1477
2617
1477
2617
1477
2617
1477
2620
1477
2620
2126
2152
2126
2152
2126
2152
2126
1161
2126
1161
2126
1161
2126
1161
2126
1161
2126
2392
1850
2392
1850
2392
1850
2392
1850
2392
2627
2133
795
1038
795
1038
795
2133
795
2133
795
2133
795
2634
504
1294
504
1294
504
1294
504
1294
504
1294
504
1294
504
1294
504
1294
2634
1609
2634
1609
2634
1609
2634
1294
372
1294
372
1294
372
356
1698
1506
1255
366
2072
366
2072
1119
649
1119
649
1119
649
1119
649
1119
649
1119
649
1119
649
1119
2072
1119
2072
1119
2072
43
2072
43
2072
43
202
529
1116
529
1116
529
1116
529
1116
529
1116
529
1116
529
1116
529
202
529
202
43
202
43
202
1255
202
1255
202
1255
202
1255
1506
1425
521
1425
521
1425
521
1425
521
1425
521
1425
521
1425
521
1425
2695
2273
2695
2273
2695
2273
2695
2273
627
1494
214
1494
214
1494
214
1494
214
1217
214
1217
214
1217
214
1217
214
1217
1298
2514
1298
2514
1298
2514
1298
2514
1298
2514
1298
2514
1298
2514
558
2312
558
2312
558
2514
558
1090
1399
1672
2183
1672
2183
1672
2183
1672
2183
1672
2183
1672
2183
1672
2183
1672
2183
1672
2183
1672
2183
1832
2397
1832
2397
1832
2397
1832
2397
1832
2397
1832
2397
1832
2397
1832
257
884
257
884
257
884
257
884
257
884
257
884
232
1808
1678
1808
1678
1808
232
1808
232
1808
232
1808
232
1808
232
1808
232
884
232
884
232
884
232
884
912
1716
2373
1716
2373
166
2373
166
912
314
69
314
69
314
69
1828
2161
1828
2161
1828
2161
1828
2161
1828
2161
1828
2161
1828
2161
1683
2161
1683
2161
1683
2161
1683
912
1683
69
1683
69
1683
69
1683
69
293
1395
2043
1806
2331
1806
2331
1806
2331
1806
2331
1806
2331
1806
2331
1806
2043
1395
2043
1395
2043
1395
2043
1395
2043
1395
2043
1148
1147
1148
1147
2076
1895
2076
1895
2076
1895
2076
1895
2076
1895
2076
1895
2076
2734
2089
2734
2089
2734
2089
2734
2089
2734
2089
2734
2076
2734
2076
2734
2076
2734
2076
2734
1843
315
1777
315
1777
315
1777
315
1777
315
1777
315
1777
315
1777
315
1777
1030
1777
1030
1777
1030
1777
1030
2734
1843
816
1671
1100
1800
1100
1800
1100
1800
1671
1800
1717
1466
608
1466
608
1466
608
1466
1717
1466
1717
1466
1717
1466
1717
1466
1717
1466
1717
1366
1868
1366
1868
1366
1868
1366
1868
1362
838
1882
2557
1882
2557
1882
2557
1882
2557
1882
2557
1882
2557
1882
2557
1882
2557
1882
838
1882
838
1882
838
1362
838
111
217
111
217
111
217
111
217
111
217
111
217
111
217
111
217
111
217
111
217
111
217
472
2384
472
2384
472
2384
472
2384
472
2384
472
2384
472
2384
472
2384
1919
2384
1919
262
1315
262
1315
262
1315
262
1315
262
1315
1316
764
1316
764
1316
764
1316
764
1316
764
1316
764
1316
764
1316
764
1352
491
1352
491
764
491
764
491
1764
1323
305
24
305
24
305
24
305
24
305
24
305
24
412
24
412
24
2406
2444
2406
2444
2406
2444
666
1285
346
1285
346
109
2447
109
2447
109
2447
109
2447
109
2447
109
2447
109
2447
437
2447
437
2447
346
2372
1764
1323
1764
1323
1764
1323
1764
1323
1764
1323
1764
1323
1764
1323
1764
2372
1764
2372
1764
1046
837
1046
837
1046
837
1046
210
460
210
460
210
460
210
460
210
460
210
460
221
2564
221
2564
221
2564
221
2564
221
2052
335
1490
335
1490
335
2052
335
2052
335
2052
335
2052
335
2052
335
2052
152
1799
152
1799
152
1799
152
1799
152
1799
152
1799
957
2431
957
2431
957
2431
957
2431
957
2431
957
2431
957
2431
957
2431
957
1799
957
1799
1279
1758
1279
1758
1279
1758
1279
1758
1279
1758
1922
264
1922
264
1922
264
1922
264
1922
264
1922
1261
1027
1261
1027
1261
1027
1261
1027
1261
1027
1261
1027
1261
1027
1261
1027
1976
1027
1976
1922
1976
1922
1976
1922
1976
1361
541
920
541
920
541
920
541
1361
541
1143
1728
684
1728
684
1728
684
1728
684
1728
684
1728
684
745
684
745
1177
1740
1177
1740
1177
1740
1177
689
1177
689
1177
689
1177
689
474
2340
474
2340
474
2340
474
2340
474
2340
474
2340
474
2340
474
2340
474
2340
474
2340
1827
1287
1004
1287
1004
1287
2063
1287
2063
1287
2063
1287
2063
1287
2063
1287
1827
1815
1317
1815
1317
1815
1317
1815
1317
1815
1317
850
205
850
205
1317
205
1758
221
1146
271
1556
271
1556
271
1556
271
1556
271
1146
271
1146
271
767
605
863
605
863
605
863
605
863
1195
1547
1195
1547
1195
1547
1195
1547
1195
1547
863
1547
863
1547
863
1547
863
1547
863
1994
1035
825
976
825
976
825
976
825
976
825
976
360
966
2410
966
2410
1827
2410
1827
2410
1827
2410
1827
2410
1827
2410
1827
2410
1827
2410
287
931
287
931
287
931
287
931
287
931
1891
1210
1852
1210
1852
1210
1852
1677
1852
1677
1852
1677
1852
1998
977
1998
977
1998
977
1998
977
1998
977
1998
977
1998
977
1998
977
1998
977
2363
977
2363
1212
2363
1212
2363
1212
2363
1212
2363
1212
2628
1891
2628
1891
2628
1891
2628
1891
2628
1891
1852
1891
1852
1891
1852
1891
1852
1891
1212
524
2518
524
2518
524
2518
524
2518
524
2518
524
2518
524
2518
524
2635
1855
2635
1855
2635
1855
2635
1855
1154
2470
1154
2470
1154
2470
1349
2508
1349
2508
1349
2508
2011
2508
2011
1278
31
1390
53
1390
53
1390
53
1390
53
31
53
31
53
31
53
31
53
31
1278
31
1278
31
1278
31
1278
31
1278
2011
1278
2011
1278
2011
1278
2011
2515
1559
2515
1559
2515
2011
2515
1374
806
1598
874
1598
874
1598
874
1598
874
873
874
873
1140
873
1140
873
1140
873
1140
2353
2085
2353
2085
2353
2085
2353
2085
806
2085
806
2085
806
2085
1140
2149
1840
2149
1840
289
1840
289
1840
289
1840
289
1840
289
1840
1140
702
1586
702
1586
702
1586
702
1586
702
1586
1045
236
113
236
113
236
113
236
113
236
113
236
2507
2420
2507
2420
2507
2420
2507
2420
2019
2420
2019
2420
2019
1143
541
1143
541
1143
541
1143
541
1143
541
1143
541
1143
2019
1143
2019
1143
2019
745
714
1041
714
1041
714
1041
2455
1826
2681
1826
2681
1826
2681
1826
2681
1826
2681
2455
1041
2455
1041
2455
1041
2455
1041
2455
1041
2455
1041
2455
2681
1855
2470
685
2225
685
2225
685
2225
685
2225
685
2470
685
2470
2681
2470
808
596
1558
596
1558
596
1558
596
1558
596
1558
596
1558
778
1525
778
1525
778
2
778
2
778
2
778
2
778
2
778
1558
778
1558
778
1558
2398
2711
2398
2711
2398
2711
2398
2711
2398
2711
2398
2711
2398
2711
2398
2711
2398
1558
2398
1558
2398
1992
987
1992
987
1992
987
2495
2032
2495
2032
1613
576
1613
576
1613
576
1613
576
1613
2546
1472
2546
1472
1197
868
1197
868
1197
868
1197
868
1197
868
1197
868
1197
1472
1197
1472
1197
1472
1197
1472
1996
1472
1996
1472
1996
1472
1996
1472
1996
1472
245
1641
245
1641
245
1641
245
1641
245
1641
245
1641
245
1641
245
1033
1613
1033
1613
1033
1613
958
2416
958
2416
958
2416
958
2416
958
2416
958
2416
958
2416
958
2520
958
2520
958
2520
958
2520
1167
563
1167
563
1167
563
1167
563
1167
563
1167
563
1167
563
1167
563
1167
563
1167
563
1266
563
1266
1373
1627
211
286
211
286
211
286
211
286
211
286
211
286
1624
1687
2572
1687
2572
1624
2066
1623
2066
1623
2066
1623
2066
1623
2066
1151
2066
1151
2066
1151
283
1513
482
1513
482
1513
482
1513
1553
1513
1553
1513
1553
2248
1553
2248
1553
2248
1553
2248
1553
2248
1553
2248
1553
2248
1553
2248
117
706
1430
2024
1430
2024
1430
2024
1430
2024
706
2024
230
2024
230
2024
230
1940
187
1940
187
2102
187
2102
187
2102
187
1153
357
1153
357
860
46
860
46
860
46
860
46
860
46
860
46
860
46
860
46
860
46
860
431
2408
431
2408
431
2408
431
2408
431
2408
431
2408
431
2408
600
2408
600
419
600
419
600
419
162
540
162
540
162
540
162
540
162
540
162
540
162
540
162
540
162
540
2351
634
1920
634
1920
634
1920
634
2351
634
2351
634
2351
634
2351
540
2351
540
2351
419
2386
722
2386
722
2386
722
2386
732
1682
732
1682
732
1682
732
1682
732
1682
732
1682
1762
1682
1762
1682
1762
1682
1762
1682
2386
817
2386
817
1408
817
1408
1588
2317
1588
2317
1588
2317
1906
1017
2429
1017
2429
1017
2429
1017
2429
609
2595
1871
456
1871
456
1871
456
1871
2595
1871
2595
1871
2595
1871
2595
1871
2595
609
2595
2235
2680
2235
2680
2235
2680
2235
2680
2235
2680
842
1883
535
1883
535
1883
535
1883
535
1883
535
1883
535
1883
535
1883
535
1883
535
1883
535
1883
535
2429
2275
1358
834
1358
834
1358
834
1358
834
1358
834
125
1523
125
1523
125
1523
125
1523
125
1523
125
1523
651
1191
651
1191
651
1191
651
1191
651
1191
651
1191
2543
1397
2543
1397
2543
1397
2543
1397
2543
1397
2598
1397
2598
1397
2598
1397
2598
1397
2598
979
2598
979
2598
979
442
2322
2323
2322
2323
2322
2323
2322
2323
2322
2323
2322
2323
2322
442
2322
442
979
442
979
442
979
442
979
442
979
442
979
442
979
442
403
153
1008
153
1008
153
1008
153
1008
403
842
2680
842
403
842
403
442
244
834
244
2275
1906
2317
1906
2317
1906
2317
1906
2317
1906
2317
1906
2114
1906
2114
1906
2114
1906
2114
1125
2114
1125
2114
1125
2114
1125
2114
1125
2114
1125
2114
1125
1523
1191
1523
1191
1523
1125
1523
1125
2255
1247
2255
1247
2255
1247
2255
1247
1408
2259
2040
118
2040
118
2040
2259
2040
2259
2040
2259
2040
2259
1408
2259
1408
1682
117
1987
652
2348
652
2348
652
2348
652
2348
652
2348
140
1069
140
1069
140
1069
140
1069
140
1069
140
1069
140
1069
140
1069
140
1069
423
2549
1003
2549
1003
2549
1003
2549
1003
2549
1003
423
1069
423
1069
423
72
2088
72
2088
72
2088
72
2088
72
995
1991
995
1991
995
1991
2484
1991
2484
1991
2484
1991
2484
1991
2484
1991
2484
1991
2484
1991
2484
1991
680
487
680
487
680
487
680
487
680
487
680
487
680
487
680
487
2381
266
2381
266
2381
266
2381
266
2381
266
2381
266
2381
266
283
1151
283
414
283
414
283
414
283
414
283
414
283
414
96
1975
1049
1975
1049
1975
1049
1975
2316
730
728
730
728
730
728
730
728
730
728
730
728
729
728
729
96
1975
2316
1975
2316
1975
2316
1975
2316
1975
96
1975
729
2572
727
2572
727
2572
727
2572
727
2572
727
2572
729
414
729
2219
1900
2219
1900
2219
1900
2219
1900
2219
774
1615
1241
1685
1241
1685
1241
1685
1241
1685
1241
1685
1241
1685
1241
1685
993
945
660
945
660
1948
660
1948
660
1948
660
1948
660
1948
660
1948
660
993
1615
1608
1615
1608
1615
1608
1615
1608
1615
1608
1615
1608
993
660
993
660
993
660
774
2219
774
1608
729
1627
1373
1627
1373
889
1373
889
1373
1266
1373
1266
1373
2666
147
2010
147
2010
147
2010
147
2010
147
2010
147
2010
147
2666
1071
1012
1071
1012
1071
1012
1071
1012
1071
1012
1071
277
808
1436
1681
1436
1681
1436
1681
1436
1681
1436
524
1436
524
1212
2410
1060
360
1060
360
1060
360
1060
360
1060
360
1060
360
1060
360
1060
360
1060
2410
1060
864
304
864
304
1233
1006
1233
1006
1233
209
1233
209
1233
209
1233
209
1233
209
1233
209
1233
209
1233
209
1233
209
1035
1994
1035
1994
1035
1994
1813
365
1813
365
1813
365
1813
1994
1813
1994
1813
1994
1813
1994
863
1994
863
1994
2704
2394
209
2394
209
2394
2704
2394
2600
1185
822
876
2656
876
2656
876
2656
876
2656
876
2656
876
2656
876
2656
876
2656
876
2656
876
822
876
822
1185
822
1185
2600
1185
2600
1185
2600
1185
2600
1185
2600
1222
2652
1222
2652
1222
2652
1222
2652
1222
2652
29
2652
29
2191
29
2191
29
2191
29
2394
29
1226
2638
2278
2638
2278
2638
2278
2638
2278
2638
2278
2256
199
2256
199
2256
199
2256
199
2256
1184
2256
1184
2280
1184
2280
1184
2280
1184
1232
939
1232
939
1232
939
1232
939
1232
939
522
229
245
1036
2607
1036
2607
1036
2607
1036
2607
1036
2607
1036
2607
1036
2607
1036
2022
2121
2176
2121
2176
2121
2176
2121
2176
2121
2176
2121
2492
2121
2492
2022
1036
2022
1036
245
229
522
229
522
229
522
229
522
229
522
229
522
229
522
229
2493
2492
2493
2492
2493
2492
2493
2492
2493
2492
2493
2492
2493
2492
2493
2492
2493
2492
1144
304
1144
304
1144
304
1144
304
1144
1212
1144
1994
6
1182
1637
387
1637
387
1637
387
1637
387
1637
387
1637
387
1637
387
1637
387
1637
387
1637
387
306
1696
800
1696
800
1696
800
1696
800
1696
800
1696
306
1599
1223
2510
1223
2510
1223
2510
1223
2510
1223
2510
1223
2510
1223
1599
1223
1599
1223
1599
1223
339
12
339
12
339
12
339
12
339
12
339
12
339
12
339
12
339
12
339
12
339
1046
401
2438
401
2438
401
2438
401
2438
401
663
336
663
336
663
336
663
336
663
336
663
336
663
336
401
336
401
336
401
336
401
1046
401
1046
401
1046
1223
306
271
767
271
767
271
767
6
1182
6
1182
6
1182
6
1182
2419
905
2643
902
2643
902
2643
902
2643
902
546
1821
546
1821
546
1821
546
1821
546
902
905
902
905
902
905
902
905
2419
905
2419
905
2419
905
559
823
559
823
559
823
559
823
2060
823
2060
823
2060
823
2060
247
1700
247
1700
247
1700
247
1700
247
2057
855
2057
855
2057
855
2057
855
2057
855
2057
855
2057
855
2057
855
2057
247
2723
970
1514
1368
1514
1368
1514
1368
1514
1368
1514
970
1514
970
1514
970
552
1674
552
1674
552
1674
552
1674
552
1674
552
1674
552
1674
552
1674
552
970
552
970
552
371
2723
371
2723
371
2723
247
2723
247
2723
247
2723
247
2217
905
2217
1226
2278
994
2139
1365
2700
1365
2700
1365
2139
1365
2139
1365
2139
994
2139
994
2139
898
1383
1220
765
1220
765
1220
765
1220
765
1220
765
1220
765
1220
1383
1220
1383
1220
1961
1034
1961
1034
1961
1034
1961
1034
1961
1034
1961
1034
1961
1034
1961
1034
1961
1186
2524
1186
2524
1186
2524
1186
2524
1186
2524
1186
2524
1186
2524
1186
2524
1186
2524
185
84
185
84
185
84
185
1576
185
1576
185
1576
185
1576
185
1576
185
1576
185
2524
185
2524
1170
805
1170
805
1170
1492
91
248
91
248
91
248
91
248
91
1492
91
1492
1170
1492
1170
379
2198
379
2198
1803
2198
1803
2198
1803
2198
1803
2198
1803
2198
1803
2198
1803
2198
1803
2198
1803
2198
2347
896
587
661
587
661
896
661
896
661
896
661
896
661
896
661
896
661
896
661
2551
1848
2551
1848
2551
1848
2551
1848
2551
1848
2551
1670
1673
2058
1673
2058
1673
2058
1673
2058
1673
1670
1673
1670
1673
90
1269
2544
1269
2544
1269
2544
1269
2544
1269
2544
1269
2544
2625
2544
2625
2544
2625
2544
2625
2545
2530
2545
2530
2545
2530
2545
2530
2545
2530
1947
1853
1679
1853
1679
1853
1947
1853
1947
1853
1947
1853
1947
1853
1947
1853
1947
1853
1947
1853
1947
1853
2530
2625
2530
2625
2530
2625
2530
1868
1819
1818
1819
1818
1819
1818
1819
1818
1819
1818
1819
1818
1819
1818
1868
1717
816
1843
1030
1511
1237
1511
1237
1030
2645
2428
330
2428
330
2428
330
2428
2028
1181
2028
1181
2028
1181
1413
1869
1410
1869
1410
1869
1410
1869
1410
1869
1218
1869
1218
1869
1218
1869
1218
1188
1333
1188
1333
1188
1333
1188
1333
1188
1333
1188
1333
1188
1333
1188
1363
1225
1047
1225
1047
1225
1047
1225
1047
1225
1047
1225
1047
1225
1047
1363
1188
1363
1218
1363
2214
1080
2346
2184
2346
2184
2346
2184
2346
2184
2346
2184
2346
2184
1080
1706
1080
1706
1080
1706
1080
1706
1080
1706
1080
2214
1080
2345
543
1999
543
1999
1544
1999
1544
1999
1544
1999
1544
1999
1544
1999
1544
2129
2130
2129
2130
2129
2130
2129
2130
2129
2130
2129
2130
2129
2130
2129
2130
2129
2130
2129
2130
2129
2130
1159
523
1159
523
1159
523
1159
2590
1159
2590
1159
2590
1159
2590
898
2590
898
2139
898
1512
1415
1512
1415
1512
1415
1512
1415
1512
1415
1512
2120
518
2120
518
2120
518
2120
518
2120
518
2120
518
2120
518
2120
518
2120
518
2314
518
2314
1235
907
1784
907
1784
907
1761
907
1761
907
1761
907
1761
907
1761
907
982
1318
982
1318
982
1318
982
1318
228
1208
228
1208
228
1208
1015
1016
1015
1016
1015
1016
1015
1016
2716
1016
2716
1016
2716
1016
2716
1016
2716
1016
2716
1076
1075
1076
1075
1076
1075
1076
1075
1076
2718
1076
2718
1076
2718
1076
968
1076
968
955
583
955
583
955
583
955
2637
1866
2637
1866
2637
1866
2637
1866
2637
1866
1501
2641
1501
2641
1501
2641
1501
1502
870
1502
870
1502
870
1502
870
1668
870
1668
870
1668
870
1668
870
1668
1802
2365
1802
2365
1802
2365
355
169
355
169
355
169
355
169
355
169
355
169
355
169
355
169
355
2365
1675
584
2035
584
2035
584
2035
584
1675
584
1675
2365
1675
2365
1675
2365
1675
2365
1194
1577
1194
1577
1194
1577
1194
1577
1194
1577
2365
1577
2365
1577
1801
1189
1801
1189
1801
1189
1801
1189
1577
1189
1577
1189
1421
1189
1421
1189
1421
1189
1421
1189
1421
1189
1421
531
2279
531
2279
531
2279
531
2279
1499
1332
1499
1332
1499
1332
1499
2279
1499
2279
1499
2279
1499
579
2521
579
2521
579
2521
579
2521
579
1422
1796
1971
1796
1971
1796
1971
1796
1971
1796
1971
1796
1971
1669
1971
1669
1971
1669
1265
1669
1265
1669
1265
1669
1265
768
1265
768
1265
768
1265
768
1265
768
1613
768
1613
768
1613
2520
987
2520
987
2520
987
2520
987
2520
987
2520
987
277
1071
277
1071
277
1071
277
1071
277
1071
277
2666
1373
2666
277
2470
998
1841
2486
1841
2486
1841
998
1841
998
1841
998
1841
998
1841
998
423
72
423
72
423
72
423
72
423
72
998
2470
998
277
998
357
1374
357
1374
357
1374
357
1374
1840
1140
1840
1140
1045
236
1045
236
2019
745
1580
689
1580
745
1580
745
1580
745
1580
745
2019
745
2019
745
236
745
1976
205
1976
205
1976
205
1976
205
1976
205
1976
2150
2425
2150
2425
2150
269
688
269
688
2460
688
2460
688
2460
688
2460
2475
56
2475
56
2475
56
2475
56
2475
56
2558
1098
2349
1098
2349
1098
2349
1098
2349
1098
2349
1098
2349
41
34
1765
34
1765
34
1765
34
704
34
704
34
704
34
704
34
704
996
704
996
443
607
443
607
443
607
115
607
115
607
1118
430
703
701
703
701
703
701
703
701
703
701
703
701
703
701
703
430
703
430
1118
1692
575
1692
575
1692
2036
1690
2036
1690
2036
1690
1897
1690
1897
1690
1897
1690
1692
1690
1118
607
1118
607
1118
1719
1058
1719
1058
1719
1058
1719
1058
1719
1058
1719
1058
2069
1058
2069
1058
2069
1058
2069
1058
2069
1136
996
2683
2093
2683
2093
2683
2463
2683
2463
2683
2463
2683
2463
1844
2287
1844
2287
1844
2287
1844
2287
1844
2287
1844
2287
1844
2287
1844
2287
1844
2463
2232
2356
2232
2356
2232
2356
2232
2356
2232
2356
13
2356
13
2356
13
2356
13
2356
13
2356
13
2356
13
1953
13
1953
13
1953
2313
1953
2313
1563
2523
1563
2523
1563
2523
1563
2523
1563
2523
1563
2523
1563
2523
1563
2523
1563
2523
1563
1319
1856
1319
1856
1319
1856
1319
1856
1319
1856
1319
1856
1319
1856
1319
1856
815
1126
892
1752
892
1752
892
1752
892
1752
892
1752
892
1752
892
1752
469
42
2142
42
2142
1270
2142
1270
2142
1270
2142
1270
2140
2433
2140
2433
2140
2433
2140
2433
2140
2433
2140
2433
2140
2433
2140
2433
2140
2433
2140
2433
2140
295
2330
1654
2330
1654
2330
1654
2330
1654
2330
1654
1435
1654
1435
1654
1435
1654
1435
1635
2631
1656
2109
1656
2109
1656
2109
1656
494
1656
494
1656
494
1656
494
1656
494
1656
494
2678
494
2678
494
2678
1653
1128
1653
1128
1653
1128
1653
1128
1653
1128
1653
1128
1653
1128
1653
1128
319
405
292
405
292
405
292
405
292
405
292
405
292
405
292
405
292
405
292
1453
1372
178
1372
178
1372
1412
1372
1412
1372
1412
1372
1412
625
1412
625
1412
625
1412
625
1412
625
1128
319
1128
319
2411
493
2411
493
2567
2464
2567
2464
2567
2464
2567
2464
2567
2464
2567
2464
2567
2464
2567
2464
2567
493
2567
520
2070
1348
2070
1348
2070
1348
2070
1348
2070
1348
2070
1348
2070
2395
2070
2395
2070
2395
2070
520
2070
520
1392
574
1392
574
1392
574
282
2300
282
2300
282
574
282
574
282
574
282
574
282
574
1503
1731
1503
1731
574
1731
574
1731
574
1731
844
879
1591
879
1591
879
1591
879
1591
879
1591
879
1591
879
1591
879
1591
879
844
879
284
1097
284
1097
284
1097
284
1097
284
1097
1147
1097
1147
1097
1147
1097
1147
1097
1147
1097
103
708
103
708
103
708
103
708
103
708
103
708
103
708
103
708
1133
1132
1133
1132
1133
1132
1133
1132
1133
1097
1133
1531
348
290
348
290
348
290
348
2577
1491
2577
1491
2577
1491
2577
1491
2577
38
2577
38
2577
38
2577
38
2577
38
2577
38
112
1634
112
1634
112
1634
2462
921
473
2328
473
2328
473
2328
473
2328
921
2462
921
2462
921
2462
1315
2462
1315
2462
1315
2462
1315
2462
1315
1919
1315
1919
2328
838
2328
838
2328
838
1531
348
1531
38
1531
38
1531
38
1531
38
1531
974
721
1730
681
1730
681
1730
681
1730
681
1730
681
1730
681
1730
681
1730
681
1730
681
2354
2566
2354
2566
2354
2566
2354
2566
2354
2566
2354
2566
2354
2566
2354
2566
1334
2566
1334
2566
1334
462
923
462
923
462
923
462
923
462
923
462
923
974
721
1912
237
1912
237
1912
237
2565
1102
1290
468
1290
468
1290
468
1290
468
1290
468
1290
468
1290
468
1290
1102
1290
1102
2565
1102
2565
237
2565
237
2565
237
2565
237
2565
237
922
381
1262
381
1262
381
1262
381
1262
381
1262
381
1262
381
922
381
922
381
922
381
17
381
17
721
974
923
681
737
766
737
766
737
766
737
766
737
1024
737
1024
737
1024
737
1024
737
1024
737
1024
681
1024
1270
1024
1270
1024
1270
1024
1270
237
1270
237
1825
1469
1825
1469
1825
1469
1825
1469
1825
1469
1825
1469
1825
1469
1825
1086
752
1086
752
666
2444
2569
2444
2569
2444
2569
752
1825
752
1569
2558
144
197
144
197
144
197
144
197
144
197
144
197
144
2558
144
1569
56
2460
1136
41
1136
41
1136
2150
1136
2150
752
1569
752
1569
752
2150
752
2150
752
2150
1118
1140
1118
1140
1118
1655
734
589
734
589
734
589
2573
2146
2573
2146
2573
2146
2573
2146
2573
2146
2573
2146
2573
589
1839
589
1839
589
1839
198
1738
307
296
307
296
307
1738
307
1738
198
1738
198
1738
198
1738
198
1738
198
1738
198
1738
198
1738
198
440
281
440
281
440
281
440
281
440
281
1646
1428
1646
1428
1646
1428
2426
1562
1142
1562
1142
1917
143
1917
143
1917
143
1917
143
1917
143
1142
2426
1142
2426
1142
2426
1142
2426
1428
2426
1428
2426
1428
2426
1428
2426
1428
2239
846
2239
846
2239
846
2239
846
2239
846
2239
846
2239
1428
2239
1428
143
1684
2160
1684
2160
1684
1011
1684
1011
1684
1011
1684
1011
1684
1011
1684
1011
1684
1011
1684
1011
131
1720
131
1720
131
1720
131
1720
131
1720
131
1720
131
1011
131
1011
131
1011
2536
1040
2536
1040
2536
1040
2536
1040
116
1040
116
1040
116
1040
2151
952
2151
952
2151
952
2151
952
2151
952
2151
952
374
1094
1767
1139
1767
1139
1767
1139
1767
932
936
932
936
932
936
932
936
932
936
932
2535
1452
2535
1452
2535
1452
2535
1452
932
36
720
1327
872
382
872
382
872
382
872
382
872
382
872
382
872
382
1327
720
36
720
36
720
36
720
36
720
36
720
1474
1658
1474
1658
1474
1658
1474
1658
1474
1658
1474
1658
1474
1658
1474
1658
1474
1658
871
138
2044
138
2044
138
2044
138
2044
138
2044
138
871
138
871
138
871
932
1094
374
1094
374
2007
612
1326
612
1326
612
1326
612
1326
612
1326
612
1326
612
1326
106
918
106
918
2587
382
2302
1985
407
904
407
904
407
1985
2302
1985
2302
1985
2302
1985
2302
1985
2302
1985
2302
1985
2302
1985
2302
382
2302
382
2587
382
2587
918
2587
918
2587
918
2587
918
2587
918
2587
918
2587
918
2587
918
2007
374
2007
374
2007
374
2007
374
1590
425
1590
425
1590
425
1590
425
1590
425
1590
425
1590
425
1590
425
1306
436
1306
436
1306
436
1306
436
1306
436
1306
451
16
451
16
451
16
451
16
451
16
2252
342
2252
342
2252
342
2252
342
2252
342
2252
342
2252
342
2252
16
2339
1370
2339
1370
2339
1370
2339
1370
2339
1370
2339
1370
2339
2244
731
2244
731
2244
731
2244
731
2244
731
2244
731
2244
731
2244
731
400
731
400
753
555
753
555
753
555
753
555
753
555
753
555
753
555
753
555
753
555
753
1092
667
668
667
668
667
668
667
668
2584
668
2584
255
940
997
940
997
940
997
940
997
940
997
940
997
940
997
940
997
940
997
940
997
255
2584
255
2584
255
2584
255
2584
942
941
942
941
942
2584
942
1768
785
2596
785
2596
785
2596
785
2596
785
2596
1768
2596
2241
2596
2241
2596
2241
2596
664
2246
664
2246
664
2246
664
2246
664
2246
510
854
754
618
754
618
754
618
754
240
754
240
754
240
754
240
754
240
754
240
754
240
2265
240
2265
240
2265
240
2265
1814
1548
1814
1548
1814
238
828
2467
18
2467
18
2467
18
2467
18
2467
786
1150
786
1150
786
1150
786
1150
786
1150
786
2467
786
2467
828
2467
828
2467
1924
2113
1924
2113
1924
2113
1924
27
26
27
26
27
26
27
26
2030
670
1910
670
1910
670
1910
670
1910
670
1910
670
1910
670
1910
1892
433
432
433
432
433
432
433
432
318
432
318
432
318
432
318
432
318
432
318
432
1910
1892
1910
1892
798
1603
413
490
413
490
413
490
413
1603
413
1603
413
1603
413
1603
798
1603
798
1603
798
1603
798
1379
1152
1379
1152
1379
1152
1379
1152
824
2325
2442
2325
2442
2325
2442
2325
2442
1417
1911
1417
1911
1417
1911
832
2379
2251
465
2251
465
2251
465
2251
465
2251
465
2251
465
2251
2379
832
1911
2442
1338
1320
2064
1320
2064
1320
2064
1320
744
1320
744
1320
744
1320
744
1320
1338
2442
1338
2442
1338
1518
2588
1518
2588
1518
2588
1518
2588
1518
2588
1518
2588
1518
2588
1518
2588
1518
2588
1518
2588
1518
2466
2111
2459
1450
2459
1450
2459
1450
2459
1450
2459
1450
2459
1450
368
1353
368
1353
368
2534
2065
2534
2065
2534
2065
2534
2065
368
1450
368
1450
2355
1516
2355
1516
2355
781
2074
781
2074
781
2074
781
2074
781
2074
781
2355
781
2355
781
2355
781
461
416
417
416
417
416
417
416
417
416
417
461
417
461
619
461
619
2541
2374
2541
2374
619
2118
840
2118
840
1398
773
841
773
841
773
841
773
841
773
841
458
316
458
316
1486
312
1486
312
316
2368
276
2368
276
2368
276
2368
276
2368
276
2368
276
2368
2238
136
2082
136
2082
136
2082
1771
2082
1771
2260
1632
1622
1632
1622
2254
740
2254
740
2254
740
2254
740
2254
740
2254
740
2254
740
2254
1622
2254
1622
909
1141
105
2105
2297
2105
2297
2105
2297
2105
2297
2105
2297
2105
2297
2105
2297
1571
2297
1571
2297
1571
2297
1571
2030
1571
2030
1571
2030
1571
2030
1571
2030
1571
2030
1571
1260
693
2552
984
2552
984
1960
984
1960
984
1960
984
693
1260
693
1260
693
1260
2550
1192
2413
1192
2413
1192
2413
1192
2413
1192
2413
1192
2413
1192
2413
2550
2413
105
75
665
75
665
75
665
75
665
75
665
75
665
26
665
28
2485
28
2485
28
2485
28
2485
28
2485
28
2485
28
2485
28
2485
1293
2485
1293
1924
1293
665
1293
724
2115
724
2115
724
2115
724
2115
724
2115
1328
66
280
66
280
1925
1416
1925
1416
1925
1416
1925
1416
1925
1416
1925
1416
2000
811
2000
811
2000
811
2000
811
2000
811
2000
811
2000
811
2000
811
2000
811
2000
52
2568
948
2568
948
2568
948
2568
948
2568
948
2568
948
49
1081
49
1081
49
1081
49
1081
49
1081
49
2685
49
2685
49
2685
659
2685
659
1930
545
1930
545
1930
545
1930
545
1930
545
1930
545
2258
561
477
561
477
561
477
561
477
561
477
561
477
561
477
561
477
561
2258
561
2258
561
2258
545
2258
545
2258
1659
699
788
699
788
699
788
699
788
2245
788
2245
653
700
653
700
653
700
653
700
653
1126
815
1126
815
1126
815
1126
815
1126
815
1126
815
1456
815
1456
815
951
815
951
815
951
281
2313
198
1839
913
447
448
447
448
447
448
446
2682
686
1645
2445
1645
2445
1645
1123
1645
1123
1645
1123
1645
1123
682
1123
682
1123
682
1123
682
1123
682
1123
2471
1021
2471
1021
2471
1021
2471
1021
2471
1021
2471
1021
2471
1123
2471
1123
285
2361
285
2361
285
2361
560
2148
560
2148
560
2148
560
2148
560
2148
560
2148
560
2148
560
2148
2361
913
686
913
686
913
1839
913
1839
1029
2451
1029
2451
1029
2451
1029
2451
1029
2451
1029
2451
57
2451
57
446
2682
446
2682
446
57
446
57
446
57
446
57
446
57
446
57
446
57
446
57
2299
1655
2463
1655
2463
1655
2463
1655
2299
1118
2299
1118
2299
1118
2299
2313
281
2313
281
2313
281
2313
281
2313
2440
951
143
2141
1570
2141
1570
2141
1570
2141
15
914
15
914
15
914
15
914
15
914
15
2141
15
2141
15
2141
15
2141
15
603
2122
603
2122
603
2122
603
2122
603
2122
603
2122
15
2122
2245
1752
469
1752
469
1752
469
1752
469
906
469
906
469
295
1635
2631
1635
2631
625
2631
625
2631
625
2631
671
2243
85
2243
85
466
1431
466
1431
466
1431
466
1431
85
1431
85
1431
85
1431
85
1659
85
1659
2258
1659
2258
2339
2258
659
2000
52
249
510
854
510
854
510
854
510
854
2073
854
2073
854
2073
854
2073
854
2073
854
2073
854
249
948
249
948
249
948
249
1328
2115
1328
2115
1328
2115
1328
2115
1328
2115
1328
280
1328
280
1328
280
2678
280
2678
280
2678
280
2678
1442
692
186
692
186
692
186
692
1442
692
698
695
698
695
698
695
698
695
698
692
698
692
698
692
698
692
698
692
698
2304
2290
1989
2290
1989
2290
1989
2290
1989
2290
1989
2290
1989
2290
1989
2290
1989
2290
1989
2290
2304
1114
222
1114
222
1114
222
1398
841
1398
841
1398
840
1398
312
1771
2260
1771
2260
1771
2260
1771
2260
1771
1141
105
1141
105
1141
105
1141
105
1141
909
1141
909
1771
312
1398
312
1398
1550
520
1550
520
25
1874
25
1874
25
1874
25
1874
25
1874
25
1874
25
1874
25
1874
25
1874
25
1874
1731
1954
1731
1954
1731
1954
1731
1954
1731
1954
1731
1954
1531
1954
1531
1954
1531
1954
923
1458
444
1458
444
292
1453
292
1453
444
319
2080
2091
2080
2091
2080
2091
2080
2091
2080
2091
2080
2091
602
337
602
337
2304
337
2304
337
2304
337
2304
337
2304
1398
619
1398
619
781
1450
2111
2466
2111
1450
2111
1450
2111
133
2589
133
329
467
329
467
329
467
329
467
329
467
329
133
329
133
329
133
329
133
470
1751
1898
2443
1356
1797
1356
1797
1356
1797
947
1797
158
2443
158
2443
158
2443
158
2443
158
2443
158
2443
1898
2443
1898
2443
1898
1751
1898
1751
1898
1751
1898
1751
1898
1751
1898
1751
2579
1990
32
1990
32
1990
32
1990
32
1990
32
1990
32
1990
1364
553
2049
553
2049
173
2049
173
2049
173
2049
173
1364
173
1364
173
1364
173
1364
173
1364
173
1364
2389
717
2389
717
2389
717
2389
717
2389
717
1364
717
2491
2213
1402
1089
375
1089
375
1089
375
1089
375
1089
375
900
375
900
375
900
375
900
375
900
375
900
375
900
1309
900
1309
900
1309
900
1309
175
1309
175
2101
235
1966
1965
1966
1965
1966
1965
1966
1965
1966
1965
1966
1965
1966
1965
1939
1965
1939
1965
1939
1965
1939
1965
1939
978
2480
1754
2480
978
2480
978
2480
978
2480
978
2480
978
2480
978
2480
978
2480
978
345
980
345
980
345
980
345
980
345
1884
2272
1884
2272
1084
606
1461
606
1461
2212
551
2212
551
2212
551
1461
1084
1461
1084
2272
1084
2272
1061
421
1689
421
1689
421
1689
421
1689
421
1689
421
1689
421
1689
421
1689
421
1689
1600
394
1385
2333
1385
2333
1385
2333
1385
2333
1385
2333
1385
2333
1385
2333
394
1600
394
1600
394
1600
394
1600
394
1600
394
1600
394
1600
394
1314
1155
613
1155
613
1155
613
1155
613
1155
613
1155
613
1155
613
1155
613
1155
613
1155
614
1155
614
986
614
986
614
986
614
986
614
986
614
986
614
986
614
986
614
986
1314
156
1314
156
1314
156
1314
156
1314
156
1314
156
1314
156
1314
156
429
1688
2264
1688
2264
1688
2264
1688
2264
1688
2264
1688
2264
2311
2071
1059
2071
1059
2071
1059
2071
1059
2071
1059
2071
2576
1937
2576
1937
2576
1937
2576
1937
705
1138
705
1138
705
1138
705
1138
705
1138
705
1138
705
1138
1937
1138
1937
1138
1937
1138
1937
2071
2311
2071
2311
2071
2311
2071
2311
155
2311
155
2311
155
1937
1863
2574
445
2574
445
1863
445
1863
445
1863
445
1863
445
1863
445
1863
445
1863
445
1863
445
1239
735
1239
735
1239
735
1239
735
1239
735
1239
735
1239
735
1239
735
1239
735
1239
735
650
735
650
777
1718
777
1718
777
1718
777
1718
777
1718
777
1718
777
1718
777
1718
320
1718
320
1718
320
1945
1943
1945
1943
1945
1943
1945
1943
1945
1943
1945
1943
1945
1944
1945
1944
1945
1944
1945
1944
814
1944
814
101
259
101
259
101
259
101
259
101
259
101
814
101
814
101
814
950
814
950
814
950
814
950
803
2417
642
2417
803
2417
352
1484
325
1484
325
1484
325
1484
325
1484
325
1484
325
1484
325
1484
325
1484
325
1484
2319
2449
2319
2449
954
2449
954
2449
954
2449
954
2449
954
2288
1064
1065
1064
1065
1064
1065
1064
1065
1064
1065
1246
1065
1246
1065
1246
1065
1246
893
894
893
894
893
894
893
894
893
2094
2383
2094
2383
1935
2383
1935
2383
1935
2383
1935
2383
1935
2383
1935
2383
1935
2383
1935
2383
1935
2383
1935
2583
154
246
154
246
154
246
154
246
2583
246
2583
246
2583
246
2583
246
2583
246
1983
246
1983
246
1983
1594
396
1594
396
1594
1983
1594
1983
1594
1983
1594
44
1594
44
1594
44
1594
44
709
1300
709
1300
1268
1604
1268
1604
1268
1300
1268
1300
1268
1300
1268
1596
1455
1584
1455
1584
1455
1584
1455
1584
1455
1584
830
1584
830
1584
830
1584
830
1584
2042
1152
824
1152
2042
715
1894
715
1894
715
409
810
409
810
409
810
409
810
409
810
409
810
409
810
409
810
409
810
409
1244
409
715
44
1595
231
2108
710
2108
710
2108
710
1301
233
1377
2335
1377
2335
1377
2335
1377
2335
233
1301
233
1301
233
1949
239
1949
239
2335
233
2335
233
2335
233
2335
233
710
233
710
233
239
2334
544
2286
544
2286
544
2286
544
2286
544
2286
544
2286
544
2286
544
2286
544
2286
544
2334
544
2334
239
2334
441
398
711
398
711
398
711
398
711
398
711
398
711
398
711
398
711
2014
218
464
218
464
218
464
218
464
908
1451
908
1451
908
1451
908
1451
908
1451
908
1451
908
464
908
464
908
464
908
464
908
464
2014
1927
2338
1927
2338
829
2242
829
2242
829
2242
829
2242
829
2338
418
2539
2500
2539
2500
2539
2500
2539
2500
2539
2500
2539
2500
2539
2500
2539
2500
2539
2500
2539
418
1272
733
1272
733
1272
733
1272
2298
927
926
927
926
927
926
927
926
927
926
927
926
927
926
927
926
927
926
1617
926
1617
2067
696
2067
696
2067
696
2067
975
2067
975
1127
1129
1127
1129
1127
1129
1127
1129
1127
1129
1127
1889
2104
1889
2104
1889
2104
1889
2104
1889
2104
1889
2104
1889
2104
1889
2104
2117
2104
2117
2104
2117
2454
2112
1538
2112
1538
2461
2498
2461
2498
2461
2498
2461
2498
2461
2498
2461
2498
2461
1538
738
1538
738
1538
738
1538
738
1538
738
1538
738
1538
738
1538
738
1538
2117
2454
2117
2454
2117
2454
2117
2454
2117
2454
2117
2454
2117
2020
2117
2020
662
549
662
549
662
549
1760
2441
1760
2441
1760
2441
1760
2441
1760
2441
2380
1487
1713
799
1713
799
1713
799
1713
799
539
799
539
799
539
799
2023
1480
1479
1480
1479
549
2441
2380
1487
2380
1487
2380
1487
2380
1487
2380
1487
2380
1487
2402
799
2023
799
2023
1479
549
1711
1879
1711
1879
1711
1879
1711
1879
1711
741
1465
741
1465
741
327
741
327
741
327
741
327
741
471
1875
485
97
1388
2404
1388
2404
1388
2404
2479
427
2087
427
2087
427
2087
427
2479
427
2479
2003
128
2103
128
2103
128
2103
128
2103
2458
2143
2458
2143
2458
2143
2458
2143
2458
2143
2458
2143
2458
2143
2458
2143
2458
2103
2458
2103
2458
1583
1426
1583
1426
1583
1426
1581
167
1581
167
1581
167
1581
167
1581
167
1581
167
1581
167
1581
167
1427
167
1427
718
1427
718
1427
718
719
322
719
322
719
322
719
322
719
322
719
322
719
322
719
322
127
322
127
322
127
322
2479
2003
2479
2003
2479
2003
2479
97
485
97
485
97
485
97
485
97
819
1923
819
1923
819
1923
819
1923
819
1923
819
1923
819
1923
819
1875
471
1875
471
1875
471
1875
471
1875
471
1875
471
1875
471
1875
471
741
471
370
480
1238
480
1238
2002
1238
2002
370
369
1887
369
1887
369
1887
369
1887
369
1887
369
1887
369
1887
2002
718
2002
718
2002
718
2002
1887
2002
2479
1426
2479
1426
1597
2116
2222
2221
2222
2221
2222
2221
2222
2221
2116
1597
2116
1597
2116
1597
2116
2221
2116
2221
2116
1959
747
726
747
726
747
726
747
726
747
726
747
726
747
726
747
726
747
726
747
726
747
726
2424
139
2424
139
2424
139
2424
139
2424
139
2424
139
2424
139
2424
1981
2424
1981
2236
163
1336
163
1336
2236
1336
1330
1336
1330
1336
1330
1336
1330
1336
1330
1336
1330
1336
1330
1336
1330
849
1330
849
2116
1959
2116
1959
1981
1959
1981
626
328
2157
328
2157
328
2157
328
2157
328
2157
328
2157
328
2157
492
2157
492
2157
492
2249
2147
2452
2147
2452
2147
2452
2147
2452
2147
2452
2147
2452
2147
2452
2147
2249
2147
2249
402
2249
402
2249
402
2249
626
441
2334
464
2014
2338
2014
2338
2014
2338
2014
2338
2014
2338
2014
2338
2014
2338
1272
2298
1272
2684
1272
2684
1272
2684
1272
2684
1617
1814
238
1293
238
1293
238
1293
238
1293
238
1617
2684
1617
2684
2249
626
1981
626
1981
626
2334
833
2334
833
2334
833
2334
833
1130
1652
1130
1652
1130
1652
1130
1652
1130
1652
1130
1652
1130
1652
1130
1652
1130
1652
1130
1652
1411
463
1411
463
1411
1459
1596
1459
1596
1459
1596
1459
1596
1459
1596
1459
1411
798
1892
798
1892
798
1892
798
1892
1260
1892
1260
1892
1260
1892
1260
1892
984
2065
984
2065
984
2065
2238
2065
2413
2065
1338
1911
1734
390
1734
390
1734
1885
74
1885
74
1885
74
1885
74
1885
74
1885
74
1885
74
1885
74
679
74
679
74
679
74
679
2144
679
2144
679
309
679
669
1557
669
1557
669
1557
669
1557
669
1246
893
2288
1292
2288
1292
2288
1292
2288
1292
1649
2234
1649
2234
1649
2234
1061
853
1061
853
1061
853
1061
853
1061
853
2272
1880
235
1880
235
2101
235
2101
235
1939
235
1939
235
1939
345
2272
853
2272
853
1689
1476
397
1476
397
1689
2234
345
2234
345
2234
345
2234
1292
954
352
2418
1529
2418
1529
2418
1529
2418
1529
2418
1529
2418
1529
2418
1529
2418
1529
231
1595
231
1595
231
1595
231
1595
231
672
843
672
843
672
843
950
320
650
2107
445
2571
548
593
2636
593
2636
593
2636
593
2636
593
2636
593
2636
1602
1770
1602
1770
1602
1770
1602
1770
1602
1770
1602
1770
1602
1770
1602
1770
1602
1770
47
48
47
48
47
132
100
132
100
132
100
132
100
132
100
47
1457
47
1457
47
1457
1942
981
1607
981
1607
981
1942
1457
1942
1457
1942
1457
1942
100
2636
100
2636
100
2636
100
2636
548
2571
548
2571
548
2571
548
2571
548
2571
548
2571
548
2571
548
2571
548
261
629
88
676
88
676
88
629
88
629
261
629
261
629
261
629
548
895
2336
895
2336
895
2336
895
2336
895
2336
895
2336
895
2336
895
2336
895
2336
895
2336
326
2336
326
155
790
1585
478
1585
478
790
155
790
155
790
155
790
155
790
155
790
155
790
155
790
2257
320
950
320
950
320
950
320
950
320
2107
629
1053
104
1053
104
1053
104
1053
104
1053
2015
1053
2015
1053
2015
1053
2015
629
2107
629
2107
629
2107
326
1942
2015
1942
326
1942
326
1942
326
1942
326
790
397
1292
669
1292
669
893
669
2234
669
2234
792
1539
792
1539
792
1539
792
1539
792
279
519
2693
502
2127
502
2127
502
2127
2165
2672
2165
2195
2165
2195
2165
2195
2165
2195
2165
2195
2127
2195
2175
2187
1481
2187
1481
2187
1481
604
1664
578
1664
578
1664
578
1664
578
1664
578
1664
578
604
578
604
1481
604
1481
604
1481
604
1481
604
1614
1509
1614
604
1614
1230
1614
1230
1614
1230
1614
1230
1614
1200
1236
1200
1236
1200
1236
1200
1236
1200
1236
1200
1236
1200
1236
1200
1236
1200
1236
1200
1236
1200
1589
40
1589
40
1589
40
1589
40
1589
40
1589
2062
1589
2062
55
68
55
68
511
68
511
68
511
68
511
68
511
68
2090
591
61
742
454
742
454
742
454
742
454
742
454
742
454
716
454
716
454
716
1915
1938
1915
1938
1915
1938
1915
716
1915
716
1915
716
1915
716
1915
716
61
716
61
716
61
716
2414
1517
2324
168
2324
168
2324
168
2324
168
953
2056
2560
2056
2560
2056
953
2056
953
2056
953
2056
953
2056
953
2056
953
2056
953
2056
953
168
1517
2414
1517
2414
1517
1629
1517
1629
1517
1629
1517
168
760
713
59
1934
59
1934
367
1042
1149
2622
1149
2622
1149
2622
1149
2622
875
2296
875
2296
875
2647
615
2647
615
2647
615
2647
749
636
749
636
2055
636
2055
1242
2055
1242
2055
1242
2055
1242
2055
1242
2055
1242
2055
1242
2055
1242
1085
363
1324
363
1324
363
1324
363
1324
363
1324
363
1324
2025
1324
2025
1324
2025
1324
2025
1085
2025
267
1280
267
1280
267
1280
267
1280
267
1280
267
1280
267
1280
267
2025
1042
367
1042
367
1042
367
1042
367
1042
367
1042
367
1042
1934
1042
1934
1042
392
2403
424
2403
424
2403
424
2403
424
2403
392
2403
392
2403
392
2403
2083
2403
2083
2403
2083
2375
751
1812
751
1812
751
1812
751
1160
1592
1160
1592
1160
1592
1160
1592
1160
1592
1160
751
1160
751
1160
751
1160
1735
637
1735
637
1735
637
1735
637
1735
637
1735
637
1735
1952
130
640
130
640
130
1952
130
1952
130
1952
130
1952
130
1865
2561
1101
2561
1101
2561
1865
2561
1865
130
1865
130
1865
130
1865
2078
658
641
658
641
658
641
658
641
658
641
658
641
658
641
658
547
658
547
1214
547
1214
547
1214
547
1214
547
1214
547
2078
1865
635
967
1918
967
1918
967
1918
967
1918
967
1918
967
313
967
313
967
313
2168
635
2168
635
2168
635
2168
635
2168
635
2168
635
2168
635
2168
635
2168
635
2168
635
1865
1302
1733
1302
1733
1302
1733
1302
1733
1302
1733
1302
1733
1302
1733
1302
1733
1302
1733
1302
1733
1302
1001
1414
1630
1414
1630
1414
1630
1001
1630
1001
1630
1001
1630
1001
1630
1001
1630
1001
1630
1001
1972
1001
1972
1001
1865
1160
2375
1470
256
1005
256
1005
256
1005
256
1005
256
1005
256
1005
256
1005
256
1005
256
1005
1258
1470
1258
1470
1258
1470
1258
1470
1258
1470
1258
1470
1258
1470
1258
1470
1258
2303
1258
2303
2375
760
713
2434
1482
2434
1482
2434
1482
2434
1482
2434
1482
2575
157
2575
157
2575
157
2575
157
2575
157
2575
157
2575
157
2575
157
2575
157
350
391
350
391
2632
1936
2038
1936
2038
1936
2038
1936
2038
1936
2038
1936
2038
1936
2038
1936
2038
1936
2038
2644
157
2644
1335
757
1335
757
1335
757
1335
2644
1335
2644
1335
2644
1335
1000
1606
1000
1606
1000
1606
1000
1606
891
1631
743
1631
743
1631
891
1631
891
1631
373
1631
373
1631
373
1631
591
1631
591
1631
591
1631
591
2090
591
2090
68
2090
68
2090
68
2090
1977
2090
1977
590
694
2658
694
2658
694
2658
694
2658
694
590
1257
1747
1257
1747
1257
1747
1432
1072
1432
1072
1432
1072
1432
1072
1432
1072
1432
1072
1747
1823
1747
1823
1747
1823
2555
1859
2555
1859
2555
1859
2555
1859
2555
1859
2555
1823
2555
519
279
519
279
519
2435
253
2435
253
551
253
551
253
551
253
551
253
551
253
551
253
551
999
551
999
758
999
758
999
758
999
758
508
758
508
961
175
588
2213
1402
2213
1402
2213
1402
562
1402
562
344
562
344
562
344
562
344
562
344
562
344
562
344
1797
344
2579
1031
1849
1090
1399
1090
558
1090
558
1090
558
1090
558
1090
1849
1090
1849
1090
1849
1090
1217
1832
1020
1217
1020
1217
1020
1217
1020
1217
1020
1217
1090
2031
2586
1407
2586
1407
2586
1407
2586
1407
293
2374
619
2374
619
2374
619
2374
619
1874
923
237
923
444
319
444
1453
444
1453
444
1453
295
671
2631
671
2631
671
295
671
295
671
295
671
1453
671
1453
671
1453
671
2245
2122
2245
671
2245
951
143
951
143
951
2245
951
2245
2258
659
331
532
331
532
54
532
54
532
54
532
54
532
54
532
54
532
54
532
54
532
2596
2153
58
1626
58
1626
58
1626
58
1626
58
1626
691
455
2034
455
2034
455
2034
455
2034
455
2034
455
2034
455
2034
455
2034
455
2034
455
691
1626
691
2153
2596
2153
691
2153
691
1766
2292
2021
2292
2021
2292
2021
2292
2021
2292
2021
1766
2247
809
2247
809
2247
809
2499
1766
2499
23
956
23
956
23
956
23
956
23
956
23
2499
23
2499
23
2499
23
2499
2023
2402
2023
2402
2023
2402
2023
549
2481
1753
1291
1753
1291
1753
1291
1753
1291
1753
1291
1753
1291
1753
2481
1753
2481
1753
2481
1753
2481
1753
2481
471
2481
2023
2020
2023
2020
2023
2020
2023
2020
2684
1652
1411
1268
833
1268
833
1268
833
1268
833
1268
715
2042
1911
2326
1712
2326
1712
2326
1712
2326
1712
2326
1712
1911
1712
1911
1712
1911
1712
1911
1712
1911
1712
133
619
293
2031
1031
2580
717
2491
2128
2547
2186
2547
2186
2547
2186
2547
2186
2547
2186
2547
2186
2547
2186
2547
2186
2547
2186
2310
2203
2218
184
2218
184
2218
184
2218
2203
2310
2203
2310
2203
2128
2203
2128
2203
2128
2203
2128
2203
2128
2203
2128
2203
2128
2491
2128
2491
2128
2491
717
2491
717
2491
717
2491
717
2580
2579
2580
2579
344
2579
344
2579
2031
2579
2031
293
2031
2277
627
376
2350
376
1165
376
1165
376
1165
376
1165
376
1165
376
1165
376
1165
376
1165
627
1165
627
2277
627
2277
627
2277
1425
1506
2703
356
372
356
372
63
208
63
208
63
208
63
208
63
2699
63
2699
63
2699
1382
486
582
486
582
486
582
486
1382
486
1382
486
1565
2159
1565
2159
1565
2532
2189
1526
2189
1526
2189
1526
2189
1526
2189
1526
2686
1526
2686
1526
2686
1526
2686
1526
2686
1526
2686
2707
176
2707
176
2707
2686
2707
2686
2707
2686
2707
2686
2532
2702
2532
2702
2532
2702
2532
2702
630
1201
630
1201
630
1201
630
1201
630
1201
630
1201
630
1201
630
1781
1310
1781
1310
1781
1310
1781
1310
1171
1310
1171
1310
1171
1310
1171
1310
1171
1310
1171
1310
1171
1310
570
2529
2027
2717
2027
2717
2027
1792
2027
1792
2027
1792
2396
1792
2396
1792
2396
1792
2396
1792
2396
1792
2396
1792
2396
1792
2396
1792
570
2529
570
2529
570
2529
2223
657
2667
657
2667
657
2667
657
2667
657
2667
657
2667
657
2667
657
2667
657
2667
657
2667
1463
2476
1409
2476
1409
2476
1463
2476
1463
2476
1463
2476
1463
2476
1463
2476
554
1267
1534
924
1534
924
1534
924
1534
924
1534
924
1534
924
1534
924
1534
924
1534
924
1534
1267
1534
192
7
2182
171
2182
171
2182
171
2182
171
2182
171
2182
171
2182
171
2182
171
1007
2526
1007
2526
2046
2526
2046
2526
2046
2526
2046
2526
2046
2526
2046
2526
2046
2526
2046
2526
2046
2526
2046
2415
2696
2415
2696
2415
2696
2415
2696
2415
2696
2415
2696
2415
2696
2415
2696
2415
10
183
2705
2016
2613
2016
2613
2016
2613
2016
2613
2016
2613
801
2613
801
2613
801
2613
801
2613
801
2613
801
2613
2705
183
2705
1124
2231
1124
2231
1124
2231
2401
2231
2401
2231
2401
2231
2401
2231
2401
2231
2401
2231
2401
2231
2401
2231
2401
2164
2208
2164
2208
2164
2401
2164
2401
2164
362
2188
81
2188
81
2188
81
2188
81
362
2164
362
2164
362
2164
362
2164
362
2164
362
1215
488
1787
488
1787
488
1787
1032
1281
1032
1281
1032
1281
1567
2156
1567
2156
1567
2156
1567
2156
1567
2156
1567
1554
1437
1554
1437
1554
1437
1554
1437
1554
1567
1554
1567
1554
1567
1554
1281
1787
556
1215
556
1215
556
1787
556
1958
1204
1958
1204
1958
1371
2697
1371
2697
1371
2697
1371
2697
1371
2697
1371
2697
1371
2697
1371
2697
1371
2697
1958
2697
1958
2612
1203
2612
1203
2612
1203
2612
1203
2612
1281
2612
1281
2612
1281
2612
1281
2612
1281
81
362
81
1785
1400
1785
1400
1785
1400
1785
1400
1785
1400
1785
1400
1785
1400
1785
1400
10
571
1104
1206
334
2606
2694
2606
2694
2606
2694
2606
2694
2606
2694
2606
2694
2606
2694
2606
2694
919
2694
919
2694
919
1219
919
1219
919
1219
2371
1219
2371
1219
2371
1219
2371
1219
2371
1342
802
1054
802
1054
802
1054
802
1054
802
1054
802
1054
802
1054
802
226
2013
226
2013
226
2013
226
2013
226
2013
226
2013
226
2013
226
2013
1789
2618
1903
1275
1274
1275
1274
1275
1274
1275
1274
243
2724
243
2724
243
2724
2659
597
2659
597
358
273
358
273
358
273
358
273
358
273
358
273
358
273
2724
273
2724
273
2724
273
2724
597
2724
1724
1979
1376
1979
1376
1907
1055
794
1055
794
1055
2215
1055
2215
1055
2215
1055
2215
1055
2215
1055
2215
1055
2215
1122
2215
1122
2477
2676
378
2676
378
2676
378
2676
2477
2676
2477
2676
2477
2676
2477
1122
2477
1122
1307
1122
1307
1074
1307
1074
1307
1074
498
20
499
20
499
20
499
20
498
20
2432
2271
573
2722
107
2722
107
2722
573
2271
573
2271
573
2271
573
2271
573
1264
1786
1264
1786
1264
573
1264
573
1264
573
1264
1835
1701
1835
1701
1835
1701
1835
1701
1835
1701
1835
1157
528
1157
528
1157
528
1157
528
1157
528
1157
1835
1157
1835
1264
33
1744
33
1744
33
1744
33
1744
33
1744
33
1744
1264
1873
2289
1873
2289
1873
1957
2181
2226
2181
2226
2181
2226
2181
2226
2181
2226
2181
2226
2181
2226
2181
2226
2181
2226
1384
2610
1384
2610
2226
1705
2226
1705
1780
1705
1780
1705
1780
1705
1780
1705
1780
2674
298
2674
298
2674
298
2674
298
2674
298
1957
1873
298
1873
298
1873
298
1873
298
1780
1209
2432
1209
2432
1209
1780
1209
1780
2610
1555
2651
1555
2651
1555
2651
1555
2651
1555
2651
1555
2610
1555
2224
1305
2224
1305
2224
1305
2224
1448
2134
1448
2134
1448
2134
1448
2134
1448
2134
1448
2134
1448
2224
1448
2224
1448
2224
2706
2211
2706
2211
2706
2211
2688
1308
1176
1308
1176
1308
1176
1308
1176
1308
1176
1308
1176
1308
2688
2211
2688
2211
2224
1555
2224
1555
2224
1555
2224
2211
1566
1206
334
2488
334
2488
334
2488
334
2488
334
2488
334
1206
334
1206
334
1206
1104
1206
1104
1206
1104
1206
1104
1206
1104
1206
1566
571
1566
571
1566
571
1566
571
1566
2211
2230
2276
2230
2276
2230
2276
2230
2276
2230
2276
2230
2276
2230
2276
2230
2276
2230
2276
1782
354
496
1198
496
1198
496
1198
496
354
496
354
496
1838
648
1838
648
1838
648
1838
648
1838
648
1838
648
1838
648
1838
648
1838
648
2705
648
2705
648
2705
2263
1073
1500
1073
1500
1073
1500
1073
1500
1073
1500
1073
1500
1073
2263
1073
2263
1073
2263
2497
1704
2497
1704
2497
1704
2497
1704
2497
1704
2497
1704
2603
1704
2603
1704
2603
1704
2603
1704
2603
1704
2393
258
2393
258
2393
258
2393
258
2393
258
2725
258
2725
258
2725
258
2725
258
2725
2263
496
2691
1782
2691
496
2691
496
2691
496
2691
496
2691
2705
2263
2691
2263
2725
1400
10
2371
1342
802
1342
802
1342
2371
1342
2371
1342
2371
1342
1216
70
1216
1342
10
1400
10
1342
10
1342
10
1342
10
2211
174
633
1199
1078
1199
1078
1199
1078
2262
1078
2262
1078
2262
1078
2262
2618
1903
2618
1903
2618
1903
2618
1903
2618
1903
2618
1903
2618
1903
1274
1903
1274
1903
1274
2178
1107
2178
1107
2712
1044
1077
1044
1077
1044
1077
1044
1077
1044
1077
1044
1077
1044
2692
770
2692
770
2692
1044
2642
1545
2642
1545
2642
1545
2642
1545
2642
1545
2642
1044
2712
1044
2712
2505
525
1178
525
1178
525
1178
525
1178
525
1178
2675
1018
2675
1018
2675
1018
2675
1018
2675
1018
2675
1018
2675
1018
2675
1702
2675
1702
2675
1178
2675
1178
2505
2712
2505
2712
2505
2712
2505
2712
2505
2712
2505
2712
2505
2712
2719
1861
2719
1861
1611
1861
1611
484
1610
1742
1120
1742
1120
1742
1120
1742
1120
1742
1120
1312
1234
1312
1234
1312
1234
1312
1234
1312
1234
1312
1234
1312
1234
1312
1110
1549
1110
1549
1110
1549
1110
1549
1110
1549
1110
1549
1110
1549
1110
1549
1774
1549
1774
1312
1774
1312
1610
219
2608
450
449
450
449
450
449
450
449
450
449
450
449
145
2570
145
2570
145
2570
145
449
145
449
145
449
145
1899
251
1899
251
550
1381
550
1381
550
1381
550
1381
550
1381
550
1381
550
1381
550
1381
2616
1980
2616
1980
2616
1980
1381
1980
1913
1980
1913
1980
1913
1980
1913
1980
1913
1980
1913
1980
2489
1980
2489
2724
1724
1535
1724
1535
1724
1535
1724
1535
1724
1535
1724
1535
1724
2724
1791
2490
1791
2490
1791
2490
1791
2490
1791
2490
1791
2490
2619
2490
2619
1228
1926
1228
1926
2012
1926
2012
1926
2582
1926
2582
1926
2582
1926
2582
1926
2582
1926
2582
2619
2266
2619
2266
2619
2266
2619
2266
1907
1376
1907
1376
1375
1376
1375
1376
1375
1376
1375
1376
1375
1376
2673
633
174
633
174
633
174
633
174
633
174
633
174
2673
174
2673
1264
1744
1264
1744
20
1744
20
1780
20
1780
20
2673
1274
2262
1789
2262
1789
219
2608
219
2608
219
2608
219
2608
219
1610
219
1610
219
1610
219
1789
1274
2489
1274
2489
251
2489
251
2489
251
2489
251
2489
251
2489
251
2303
2375
760
713
1482
713
1482
713
760
713
760
713
168
1606
168
1606
1335
1606
1335
1606
1072
1606
1072
1606
1072
2555
519
2555
519
2555
519
2555
654
1793
2698
2135
1793
654
1793
2135
1793
2135
1793
2135
1793
2135
1793
2135
1793
2135
590
1977
590
1977
590
1977
590
1977
590
1977
2135
1977
2135
1977
2135
1977
2135
1614
2563
1745
836
1745
836
1745
2563
1745
2563
313
1820
399
1574
399
1574
399
1574
313
1820
313
1820
313
1820
313
1820
313
1820
313
1820
1574
1820
1574
2375
713
2632
2025
1242
2303
1574
2303
1574
2303
1574
2303
1574
2303
1574
2303
1574
2303
1242
2632
1242
2632
1072
429
792
429
792
429
792
429
790
326
429
326
429
326
429
2234
961
508
961
2234
843
213
1601
213
1601
213
1601
2327
849
2327
849
2327
849
2327
849
2327
849
2327
849
2327
626
2684
626
2684
2020
2684
2020
691
942
1541
683
1541
683
1541
683
1541
683
1541
687
1540
687
1540
687
1540
687
1540
687
1540
687
2633
687
2633
141
164
141
164
141
164
2548
164
2548
164
2548
164
1135
2653
1135
2653
1135
2653
1135
2653
1135
2653
1135
2653
1135
533
1135
533
1135
533
1135
533
164
1473
1909
1473
1909
1473
1909
1473
1909
1473
1909
1473
1909
1473
1909
1052
748
1052
748
1052
748
1052
2503
1052
2503
1052
1909
1052
1909
1052
2233
1389
2601
1389
2601
1389
2601
1389
2601
1389
2601
1389
2601
1389
2601
1389
2601
1389
2601
1389
2601
2233
1052
2233
495
1969
2378
1969
2378
1969
495
1969
495
1969
1434
2446
51
2446
51
2446
51
2446
51
2446
51
2446
51
2446
51
2446
51
2446
51
2446
1339
2229
76
943
2075
2430
2075
2430
2075
2430
349
2430
349
2430
349
2430
349
2430
349
2430
349
2430
943
2430
943
76
943
76
943
76
2229
76
2229
76
2229
76
2229
76
2229
76
2229
1561
114
1561
114
1561
114
1561
114
1561
114
2229
1339
2229
1339
2229
1339
2229
1339
1434
1969
1434
1969
1434
1969
1434
1969
1434
736
1857
736
1857
736
1857
736
1857
736
1857
736
1857
1749
675
1749
675
1749
675
1749
675
1749
675
1722
675
1722
675
1722
395
1657
1805
1657
1805
1657
1805
1657
1805
1657
1805
835
1916
772
1916
772
1916
772
1916
772
1916
772
946
772
946
772
946
772
946
772
946
772
946
772
946
1443
1862
1443
1862
1443
1862
1443
1862
1443
1862
1443
1862
1443
1862
1443
2110
1993
2110
1993
2648
1993
2648
1993
2648
1993
2648
1993
2648
1993
2648
324
323
324
323
324
323
324
323
324
323
324
323
324
323
324
323
324
2423
324
2423
324
2423
762
1405
1404
1066
1404
1066
1404
1066
1404
1066
1405
762
1405
762
1405
762
1405
762
1405
762
1405
1066
189
1582
1881
1582
1881
1582
1881
1582
1881
1582
1881
1582
1881
1582
1881
189
1881
189
1881
189
1066
189
1066
189
1066
189
1066
189
1066
1651
1811
1651
1811
1651
1811
1651
1811
1651
1811
1651
1811
1651
1811
1651
1811
1651
1811
1651
1811
2519
1256
2519
1256
2519
1256
2519
404
1633
404
1633
404
1633
404
1633
404
1633
404
1633
404
1633
404
2519
404
2519
1811
2519
1524
275
1524
275
1524
275
1524
2519
1524
126
1931
126
1931
126
1931
126
1931
126
2291
126
2291
126
2291
126
2291
1524
2291
30
2008
30
2008
30
2008
30
2008
30
457
865
457
865
457
865
457
865
457
865
457
865
457
865
457
865
457
865
457
865
30
865
30
1921
453
1921
453
1921
453
1921
453
1921
453
1921
30
1921
2390
2145
2390
2145
2390
2145
2390
321
2390
321
2390
321
2390
321
2390
321
2390
321
2390
2487
1755
129
1755
129
2487
129
2487
395
1722
395
1805
835
252
835
252
835
252
946
252
946
252
946
2423
678
2423
678
2423
678
2423
678
2423
678
2423
678
2423
678
2648
678
2648
946
2233
707
1068
2553
1068
2553
435
2553
435
2553
435
2553
435
2553
435
2472
435
2472
435
2472
435
2472
435
2472
435
2472
435
2472
707
164
707
164
2233
164
2233
164
2233
918
114
871
932
1452
1040
1452
1040
1452
1040
1876
1306
1876
1306
1876
425
481
400
481
400
481
400
481
1082
481
1082
481
1082
481
1082
481
1082
1092
1082
1092
1082
942
691
249
659
1416
2678
1416
2678
1416
659
2258
659
249
659
249
659
249
659
249
691
249
691
238
1411
238
2304
238
2304
238
2020
238
2020
2002
1426
2002
1426
2002
1426
2002
1426
2020
1426
843
1426
843
133
2031
2277
2031
2277
2031
2277
2031
133
2031
133
884
2428
2645
2428
2645
2428
1231
2483
1231
2483
1231
2483
1231
2483
1231
2483
1231
2483
1231
2483
1231
2483
1231
2483
2347
2665
2551
2665
2347
2665
2347
2665
2347
2665
1673
90
306
767
2217
1226
2278
1184
2278
1184
2278
1184
2278
1184
939
29
1226
29
1226
29
1226
29
1226
29
939
1184
939
1184
939
229
2728
776
2728
776
2728
776
77
1695
1795
1695
1795
77
1795
77
1795
77
1795
77
1795
1804
530
1276
530
1276
530
1276
530
1276
530
1804
530
1804
530
1804
530
1804
530
1499
579
1422
579
1422
579
1422
579
1422
300
2391
300
2391
1422
1489
530
1499
1489
1499
1489
1499
1489
1795
1668
784
1982
784
1982
784
1982
784
1982
784
592
867
592
867
592
867
592
867
592
867
592
867
592
867
784
867
784
867
784
867
1196
1174
2177
916
915
916
915
916
915
916
915
14
915
14
2177
1174
1196
1174
1196
1174
268
1174
268
1174
268
1174
268
867
1866
1501
1795
1668
1795
1668
1795
1668
1501
968
955
1318
955
1318
955
1318
955
1318
955
1318
1208
206
1854
206
1854
206
1854
206
1854
206
1854
206
1854
206
1854
206
1512
206
1512
2314
1235
907
1318
907
204
135
204
135
204
135
204
135
204
135
204
135
1573
512
1986
512
1986
71
1986
71
1986
71
1986
71
1986
71
1986
71
1986
71
1986
71
1833
2388
1833
2388
1833
2388
1833
2388
1833
2388
1833
2388
1833
2388
1833
2388
2512
172
2512
172
2496
1788
1440
1788
1440
1788
1440
1788
1440
1788
1440
1788
1440
1788
1440
2614
1440
2614
1440
2614
2715
2614
2715
1928
1929
1928
1929
1928
1929
1928
1929
1928
1929
1928
1929
1928
1929
861
1929
861
333
991
333
991
333
991
333
991
333
991
333
861
333
861
333
861
333
861
2509
861
2509
861
2509
861
2509
990
1901
1354
1901
1354
1901
1354
1901
1354
1901
1354
1901
1354
1901
1354
1901
1354
1901
1354
1901
1354
2591
2496
2591
2496
2591
2496
2591
793
2342
1341
2342
1341
2342
1341
2342
1341
2342
793
2591
793
172
1537
172
1537
172
1537
172
1537
172
1537
172
1537
172
1537
172
1537
2671
1560
2671
1560
2671
1560
2671
1056
2671
1056
1995
1056
1995
1056
1995
1056
1995
1056
1995
1056
1995
2194
353
2194
353
2194
353
2677
1380
2677
1380
2677
1380
353
1380
353
351
1037
351
1037
351
353
1164
638
1164
638
1164
638
1164
638
1164
353
1164
60
1229
60
1229
60
1229
2527
1345
599
359
599
359
599
359
599
359
599
359
599
359
599
359
599
359
599
359
1962
1743
1962
1743
1478
2439
1478
2439
1478
2439
1478
2439
1478
2439
1478
2689
1478
2689
1478
2689
1478
2689
1478
2689
1478
2689
901
2689
901
2689
901
2689
901
2689
901
2689
901
1743
2506
1707
2506
1707
2506
1707
2506
1707
2506
1707
2506
1707
2506
1707
2506
1707
2506
1707
2506
223
787
223
787
1187
787
1187
787
1187
2506
1187
207
899
1115
899
1115
899
1115
899
964
899
964
899
964
899
964
899
964
899
964
297
1079
297
1079
297
180
297
180
120
180
120
180
120
180
120
180
120
180
120
180
220
8
769
8
769
8
769
8
769
8
769
8
769
8
769
8
769
8
769
8
769
8
769
2623
1363
1413
1363
1413
1363
1413
1363
1413
1363
2623
1363
2623
1363
2623
220
180
220
180
220
1956
2615
1956
2615
1956
1273
1956
1273
1956
220
2623
220
2623
220
2623
220
2623
1080
2345
1080
2345
1080
2345
1170
1961
1170
2665
90
2665
90
2665
90
1919
90
1919
90
767
90
1030
1237
1030
1170
898
1512
2314
2511
1249
2511
1249
577
1249
577
1249
577
1249
577
1249
577
1249
577
2400
2611
2400
2611
2400
2611
2400
2412
2400
2412
2400
2412
2400
2412
2400
577
1497
1573
1497
1573
1497
1573
1497
1573
1497
1573
763
1748
2364
1748
2364
1748
2364
1748
2364
1748
2364
1748
2364
1748
1757
1723
1757
1723
1757
1723
1757
1723
1757
1748
1757
1618
2629
1618
2629
1618
2629
1618
1757
990
2509
2715
2509
2715
2509
2715
2509
2715
2509
2715
2509
1757
2714
1002
2714
1002
2714
1002
2714
1002
2714
1002
2714
1002
2315
110
2710
110
2710
110
2315
110
1578
110
1578
110
1578
110
1578
110
1578
1512
898
1512
898
1170
898
939
776
1489
776
1489
776
939
776
1501
968
1501
968
776
968
776
968
1851
1676
1851
1676
1851
1676
1851
1676
1851
1676
1851
1676
1851
1676
14
1676
14
1676
14
1676
14
268
1668
1421
968
1386
14
1386
14
1386
1573
763
577
763
577
763
1173
793
1173
793
1173
793
1173
793
1173
793
1173
793
2388
1537
122
1537
122
2592
1963
2592
1963
2592
1963
2592
1963
2592
1963
2592
1963
2592
1963
2592
1963
2592
1914
122
1498
1493
1498
1493
1498
1493
1498
1493
1498
1493
1498
1493
1498
1493
1498
122
1498
122
2388
122
2388
122
1914
122
1914
122
1995
122
1995
122
1995
2509
1187
207
1211
1773
1932
177
1932
177
1932
177
1932
177
1932
177
1932
177
1932
177
1932
1773
1211
1773
1211
1773
1211
207
1211
207
1211
207
1211
207
1211
207
1211
207
1211
207
1187
207
1187
1345
2527
1345
1743
1345
1743
1345
1743
1345
1743
964
1091
964
1091
964
1091
964
1091
1002
1091
1002
1091
2382
1175
2382
1175
2382
1175
2382
1175
2382
1175
2382
1175
2623
1175
2623
1175
2623
1175
2703
1175
2703
372
80
639
965
639
965
639
965
639
965
639
965
639
80
639
80
639
80
639
80
5
795
5
795
2627
2392
2627
2392
2627
2392
2627
2126
2627
1295
622
1532
622
1532
1295
2627
1295
2627
1295
2627
1295
2627
1295
795
1295
1778
797
1515
1014
1515
1014
1515
1014
514
780
1296
780
1296
780
1296
780
1296
780
1296
780
1296
780
1296
780
1296
780
1296
779
1296
779
1296
779
2163
514
1014
514
1014
1251
1014
1251
1014
1251
1378
515
1779
515
1779
515
1779
515
1779
1378
1779
1378
1779
1378
1779
1378
1779
2163
1779
2163
1779
2163
1533
2732
1533
2732
1533
2732
1533
2732
1533
2732
554
2732
2163
1251
2163
1251
2163
1251
1778
134
1778
134
1778
1251
1778
1251
1778
1251
1778
2195
80
372
80
372
80
2699
2531
196
2531
196
2531
196
2531
196
2274
1565
2274
196
2274
2699
2274
2699
80
2703
80
2703
1091
763
1573
763
1573
763
1573
763
1573
968
1421
968
1421
968
1421
987
1144
90
1030
90
1030
133
1030
2440
2299
2351
230
187
230
187
2348
1987
2348
1987
2348
1987
117
1987
117
1987
117
1987
117
187
117
187
117
187
1374
1408
1247
45
1243
2281
1243
2281
1243
2281
1243
2281
1243
2281
1243
2281
1243
2281
1243
2281
1243
45
1243
2385
146
723
146
723
146
2385
146
2385
146
2385
146
2385
146
1950
426
1691
426
1691
426
1691
426
1691
426
1691
426
1691
426
2604
621
2604
621
2604
621
2604
621
2604
621
2604
621
2604
621
2604
935
2405
1447
847
1447
847
1447
847
1447
847
1447
847
1447
2405
1447
2405
1447
2405
1439
2405
1439
2405
1439
2405
1439
2405
1439
2405
1439
2405
1439
1739
1439
1739
1439
1739
536
2106
536
2106
536
2106
536
1739
536
1739
536
39
617
39
617
39
617
39
617
39
179
1978
179
1978
179
1978
179
1978
179
1978
1460
1978
1460
1978
1460
1978
1460
1978
1460
1978
1460
1028
1460
1028
1460
1028
1460
1028
1460
1028
1460
1028
903
1028
903
1028
903
1028
903
1028
903
1028
903
165
1248
165
1248
165
1248
165
1248
165
1248
165
1248
165
1248
165
1248
1025
1822
1025
1822
1025
1822
1025
1822
1025
1822
620
2306
406
2306
406
2306
406
2306
406
2306
406
2306
406
2306
620
1822
620
1822
620
1822
620
903
620
1289
2100
35
2100
35
2100
1289
2352
1974
1572
1974
1572
1974
1572
1974
746
1974
746
2098
746
2098
746
2098
1340
2086
1340
2086
1340
2086
1340
2086
1340
2086
1340
2086
1968
2086
1968
2086
1968
2086
1968
2086
1968
2086
1968
851
2376
851
2376
851
2376
851
2376
851
2376
851
2376
851
852
1686
910
1686
910
1686
910
1686
910
1686
1394
1686
1394
1686
1394
1686
1394
1686
1394
1686
1394
564
1156
564
1156
564
1156
564
1156
2407
2409
1714
2409
1714
2407
1714
2407
1616
2154
1616
2154
1616
2154
1616
2154
1616
2154
1616
2154
1616
2154
1616
2154
1616
2154
1616
2352
1289
2352
1289
2352
1289
2352
1289
2352
1289
2352
1289
690
1393
215
1393
215
1393
215
1393
215
1393
215
1393
215
1393
215
1393
215
1393
215
1423
1729
1423
1729
1423
1729
1423
1729
1423
1729
1423
1067
2301
1067
2301
1067
1423
1067
1423
1067
1621
2626
1621
2626
1621
1650
1621
1650
1621
1650
1621
1650
1621
1067
1621
1067
1605
422
1605
422
1605
422
1605
422
1605
422
1605
422
1605
422
1605
422
1605
422
1360
831
1360
831
1360
831
1360
831
1360
831
181
831
181
831
181
831
181
831
181
2329
476
2329
476
2096
476
2096
476
2096
1387
1988
383
1988
383
1988
383
1387
383
1387
383
1387
2132
1551
37
1551
37
1551
37
1551
37
1551
37
1551
983
1551
983
1551
983
377
2009
377
2009
377
2009
377
2009
595
386
595
386
674
2537
674
2537
674
2537
674
2537
674
2537
674
2537
674
2537
674
2537
674
2537
674
2537
2005
2250
2005
2250
2005
2250
2005
2250
2005
2250
224
1441
224
1441
224
1441
224
1441
224
1441
224
193
2267
2554
839
2554
839
2554
839
2554
839
2554
839
2437
1886
2437
1886
2437
1886
2437
1886
2437
1886
2437
1886
2437
1886
839
1886
839
1886
839
1886
1967
1886
1967
193
2267
193
2267
193
2267
193
1967
193
1967
193
1967
193
1967
193
1967
2537
386
2009
386
2009
386
983
386
983
386
983
2132
1446
2132
1446
2132
1446
2132
1446
2132
1446
983
1446
983
1446
983
1446
983
1446
1387
181
338
181
338
181
338
181
1387
181
1387
67
1347
67
1347
67
1347
67
1347
67
1347
242
2295
242
2295
242
2295
242
2295
242
2295
242
2295
242
2295
242
2295
242
2295
1347
340
1347
340
1347
340
1347
340
935
340
146
1950
1401
1240
1401
1240
1401
1240
1401
1950
1401
1950
1401
1950
146
1950
146
1950
146
1950
340
1950
340
536
2253
917
1062
917
1062
917
1062
917
1062
750
1462
750
1462
750
1462
750
1462
750
1462
750
1462
750
2253
2679
2253
2679
2253
2679
2253
750
2253
536
2253
536
2253
2361
2253
340
938
1247
938
1247
938
1247
938
1247
938
340
938
340
938
739
2250
739
2250
739
2250
739
2250
739
2250
1387
1067
215
690
1289
690
1289
690
215
690
150
2562
150
2562
1396
2562
1396
2562
2456
1050
1043
1050
1043
1050
1043
1050
1043
1050
1043
1050
2456
1050
2357
1471
2357
1471
2357
1471
2357
1471
2357
1471
2357
1471
2357
1471
2357
673
2657
673
2657
673
2357
673
2357
673
50
885
1063
2053
1063
2053
1063
2053
1063
2053
1063
885
1063
885
1063
885
887
886
887
886
887
886
887
886
890
2399
408
2399
408
2399
408
2399
408
2399
890
2399
890
2399
890
2399
890
2399
890
2399
890
2399
890
886
890
886
885
886
885
50
885
50
885
50
885
50
885
50
1418
1519
1418
1519
1418
1519
1418
1519
1418
1519
1418
1519
1418
1519
83
852
2282
852
2282
852
2282
852
2282
852
83
852
83
852
83
852
83
852
83
852
83
1394
83
2293
428
1253
697
1253
697
1253
697
415
712
2097
712
2097
712
2097
712
2097
712
415
712
415
712
415
712
415
697
415
697
415
697
415
697
415
697
415
697
415
697
1121
1131
1321
1131
1321
1131
1321
1131
1321
1131
1321
1131
1321
1131
1321
1131
2309
2033
2309
2033
2309
2033
2309
2033
2309
2033
2309
2033
2309
1131
2309
1131
1121
1131
1121
697
1121
428
2293
428
2293
428
2293
428
2293
428
1121
2095
190
2095
190
2095
190
2095
190
2095
190
2095
190
2095
190
2095
190
2095
190
2095
2358
2095
2358
2099
645
2099
645
389
2079
434
1508
434
1508
434
1508
434
1508
434
1508
434
1508
434
1508
1946
897
1643
897
1643
897
1643
897
1643
897
1643
897
1643
897
1643
897
1643
897
1643
897
1643
897
1643
1644
263
2155
263
2155
263
1644
263
1644
2079
1644
2079
1644
2079
1644
2079
1644
1946
888
2660
2360
2660
2360
888
1946
1644
1946
94
89
94
89
94
89
94
89
94
89
94
1543
2294
1543
2294
1543
2294
1543
2294
1543
2294
1543
2294
1543
2294
1543
2294
1543
94
1543
94
1543
1051
102
1051
102
1051
102
1051
2360
73
294
2369
294
2369
92
1726
92
1726
92
2369
92
2369
92
1715
2318
963
2318
963
2318
963
2318
1715
2318
1715
2318
1715
2318
1715
92
1715
92
877
73
2360
73
2360
73
2360
73
2360
73
2360
73
2360
73
877
73
877
73
877
73
877
92
877
92
877
92
877
1051
1946
1051
1946
1051
877
50
2473
2358
2473
2358
2473
2358
389
646
1286
646
1286
646
2482
2081
2482
2081
2482
2081
2482
2081
2482
2081
2482
2081
2482
2081
2482
2081
2482
2081
489
2041
934
2041
934
2041
934
2041
1263
2041
1263
2041
489
2081
489
2457
2240
2457
2240
2457
2240
2457
2240
2457
2240
2457
2004
1507
2004
1507
2004
1507
2004
1507
2004
1507
2004
1507
2004
1507
2457
1507
2457
1507
2457
880
2453
880
2453
880
2453
880
2453
1121
2453
1121
2453
1121
2453
1121
2453
1121
1259
1640
1259
1640
1259
1640
1259
1640
1259
1640
1259
1640
1259
1640
1259
1640
985
479
98
479
98
479
98
479
985
479
985
479
985
479
985
479
985
538
1322
538
1322
538
1322
538
1322
538
1322
985
1816
2084
1816
2084
1816
2084
1816
2084
1816
216
1816
216
1816
216
1137
1737
1137
1737
1137
1737
1137
1737
1137
1737
1137
1737
1137
216
1137
216
1137
216
1137
216
985
1322
395
1322
395
1322
1921
2291
1921
2291
1921
1322
1921
1322
1640
1121
389
646
2047
646
2047
646
2047
646
2047
646
2047
2370
2047
2370
2047
2370
2047
389
2047
389
2047
50
673
50
673
50
673
1050
2562
690
620
690
2562
690
2562
690
2562
690
2562
1067
2562
2098
851
1339
114
871
114
871
2253
871
1876
2245
1876
2245
1876
1082
2233
1082
2233
1082
2233
1082
1876
871
1876
871
1339
851
1339
851
1339
851
1339
877
2047
1339
2440
938
1374
729
1608
729
1608
1374
938
1374
2440
1374
2440
1374
1608
1421
1608
1387
1743
1995
1743
1164
1743
1164
1743
1164
1193
82
272
148
272
148
272
148
272
148
82
148
82
148
82
148
82
148
2581
2578
2179
2578
2179
2578
2179
2578
2179
2578
2179
2578
2179
2578
2179
2197
2179
2197
2192
19
2192
19
2192
19
2192
19
2192
19
2192
19
2192
19
1202
1741
171
1741
171
1741
1202
1741
1202
1741
1202
1741
1202
1741
1202
1741
1202
1741
1202
7
1202
7
1202
7
1202
7
192
2529
2223
2529
2223
2529
192
2529
192
19
192
19
192
148
2581
148
2581
148
2581
1281
2725
10
2211
2673
1789
2673
1789
2563
192
2581
192
2581
192
2581
192
2581
192
2581
2725
2581
1193
2581
1193
2563
1789
251
1789
2632
1193
2632
1193
1387
1193
1387
1193
