x
1
2131
901
2689
1478
2439
2506
1707
1187
223
787
207
899
1115
2629
1618
1723
1757
1748
2364
2611
2400
2412
2511
1249
577
1497
1235
1784
907
1761
135
204
1573
512
1986
71
1833
2388
2512
172
2496
1788
1440
2614
2715
1928
1929
861
333
991
2509
990
1901
1354
2591
793
2342
1341
1173
763
2714
2615
1091
1079
180
120
220
8
769
1706
1080
2346
2184
2214
1225
1047
1363
1869
1410
1218
1188
2650
2639
989
2655
2421
1494
214
1217
1298
2514
558
2312
2624
2277
655
1221
1725
2695
1227
2216
2661
2662
99
2580
1119
649
2077
2119
656
1661
930
521
1425
2474
1888
1520
1872
2273
627
1666
376
2609
881
2382
2605
2623
2037
2350
1165
301
1019
1997
1175
1932
177
964
297
1956
1002
1273
1999
543
2345
1576
185
84
2590
1159
523
1578
2710
110
2315
1544
2129
2130
2524
1186
1961
1034
1674
1368
1514
970
2723
559
2060
823
2217
247
1700
2057
855
765
1220
1383
898
1365
2700
1512
1415
206
1208
228
982
1318
955
583
2637
1866
1501
2641
1502
870
1668
1802
2365
355
169
268
1174
2177
915
916
14
1676
1851
1196
867
592
1982
784
1795
77
1695
1489
1422
2521
579
1332
1499
2279
531
530
2035
584
1675
1804
300
2391
1669
1265
768
2416
958
2495
2032
1613
576
1033
1641
245
2546
1472
1197
868
1525
778
2
977
1998
1677
1852
1210
1891
931
1144
304
864
976
825
1035
1994
1813
365
6
1182
1637
387
306
1696
800
1269
2058
1673
546
1821
1670
2551
1848
2665
1803
2198
379
805
1170
1492
91
248
2483
2028
330
2428
1678
1808
232
884
257
2397
1832
2183
1672
1399
1090
2161
1828
69
314
857
241
1896
1395
2043
1806
1109
542
1148
1284
1647
2089
2734
2076
1895
1466
608
1097
284
1591
879
844
1731
282
574
1392
1334
2566
2354
681
1730
462
923
2300
290
348
1531
2577
1491
38
112
1634
437
2447
109
346
1285
666
2444
2406
2569
752
1086
1469
1825
1262
381
922
17
721
1912
237
2565
1102
1290
468
144
197
1456
815
1126
892
1752
469
42
2142
1270
2140
2433
1654
2330
295
906
671
1635
1435
1412
1372
178
319
405
292
1453
1024
737
766
1458
444
493
2411
2080
2091
186
692
1442
698
695
740
2254
1622
1632
2260
1771
2082
136
276
2368
2238
1353
368
2534
2065
2552
984
2588
1518
2466
744
1320
2064
390
1734
1885
74
679
2144
1445
278
677
1244
188
810
409
2379
2251
465
2042
830
1584
1455
1596
1459
463
1411
318
432
433
1892
1910
670
2030
1571
2297
2105
105
75
665
26
27
1924
2113
1293
2485
28
724
2115
1328
66
280
1925
1416
2000
811
52
2568
948
49
1081
2685
659
1930
545
2258
561
477
1431
466
85
2243
699
788
2245
653
700
951
1562
1142
1917
143
1684
2160
1011
131
1720
750
1062
917
1978
179
39
617
2253
2679
1021
2471
1123
682
1645
2445
686
913
447
448
446
2682
938
118
2040
2259
540
162
419
600
2408
431
46
860
357
1153
187
1940
1987
652
2348
482
1513
1553
2248
117
706
1430
2024
230
2102
140
1069
423
2549
1003
2486
1841
998
1071
2666
147
2010
277
596
1558
987
2398
2711
1992
2520
1167
563
1266
1373
1627
211
286
1624
1687
2572
727
729
728
730
2316
1975
1049
2219
1900
774
1615
1241
1685
993
945
660
1948
2543
1397
2598
979
442
2322
2323
414
153
403
1883
535
2429
1017
609
2595
1871
456
2235
2680
1762
1682
732
722
2386
817
1408
1588
2317
1906
2114
1125
834
1358
244
125
1523
651
1191
1608
96
1151
2066
1623
266
2381
487
680
2088
72
995
1991
2484
889
1012
685
2225
2470
1154
1855
2635
524
2518
808
1436
1681
2363
1212
2628
287
2410
966
2431
957
1799
152
1490
335
2052
221
460
210
837
1046
491
1352
764
1316
12
339
2510
1223
1599
472
2384
1919
262
1315
2462
921
473
2328
2557
1882
838
1362
1868
1366
1947
1853
1679
661
587
896
2347
315
1777
1030
1843
816
1671
1100
1800
1717
1819
1818
1132
1133
708
103
1954
1503
2395
520
2070
1348
25
1874
2332
1810
1444
2331
807
1134
1147
1237
1511
2645
1231
1181
1413
1333
1020
1683
912
2373
166
1716
534
293
420
1407
452
1593
1103
416
417
461
2074
781
1516
2355
1450
2459
2111
133
2589
804
1449
470
1282
1283
2001
782
1245
1031
1849
2031
2586
234
1357
1359
1831
1830
467
483
329
775
1406
1070
2326
1712
1587
309
2026
980
566
565
567
1454
669
1557
1292
2288
2319
325
1484
352
644
642
643
944
475
2039
843
628
2237
925
1252
710
2108
231
1529
2418
672
1867
1528
213
1601
2327
163
1336
2236
139
2424
1981
2116
2222
2221
849
1330
441
2286
544
1949
1301
233
1377
2335
833
1451
908
464
218
2338
1927
418
2539
2500
492
2157
328
626
398
711
2014
2334
239
1595
388
610
1337
1594
396
1619
1620
894
893
2094
2383
1935
2583
154
246
1983
44
709
1300
1268
1604
1130
1652
2298
2242
829
1272
733
2684
1129
1127
975
696
2067
1617
926
927
786
1150
18
2467
828
238
1814
2265
240
754
618
510
854
2073
249
2246
664
2596
785
1768
941
942
940
997
255
2584
668
667
1092
753
555
54
532
331
2241
2153
58
1626
691
455
2034
1766
2292
2021
2499
2247
809
23
956
1541
683
687
1540
2633
141
164
2548
1135
533
2653
678
323
324
1993
2110
1862
1443
2423
2503
748
1052
1909
1473
707
1068
2553
435
2472
1326
612
918
106
1985
407
904
2601
1389
2233
495
1969
2378
2446
51
1434
736
1857
1749
675
1722
395
1657
1805
835
1916
772
946
762
1405
1404
252
189
1582
1881
1811
2519
1524
1256
404
1633
30
2008
457
865
1755
129
2487
2390
2145
321
1921
453
2291
1931
126
275
1651
1066
2648
1291
1753
2481
1760
2441
2380
1487
1713
2402
539
799
2023
1480
1479
549
662
1465
741
1879
471
327
1875
485
97
1388
2404
2479
2087
427
719
322
127
819
1923
370
480
1238
2002
718
1427
167
1581
1426
128
2103
1583
2143
2458
2003
1597
1959
726
747
402
2249
2147
2452
1889
2104
2117
2454
2112
1538
2461
2498
2020
1711
1887
369
738
1548
909
1141
2413
1192
2550
1260
693
1960
798
1603
413
490
1379
1152
824
2325
2442
1338
1417
1911
832
715
1894
1246
1065
1064
2449
954
1736
2068
397
827
2321
1649
2234
1061
421
1689
1600
394
393
361
1648
93
65
1429
87
1277
1964
1823
332
1112
2465
2468
1351
1628
265
410
411
848
2320
1335
757
1483
1000
1606
891
1631
743
591
61
742
454
716
1915
1938
2324
168
953
2056
2560
2403
424
392
59
1934
367
1042
1149
2622
875
2296
2647
615
2083
2375
751
1812
1470
256
1005
1258
636
749
2055
1242
1085
2025
363
1324
267
1280
1482
2434
713
760
142
1890
2644
341
385
2038
1936
288
260
845
2264
1941
151
2533
1951
2337
2377
95
195
866
1088
1254
2366
2367
429
156
1314
613
986
614
1155
1475
1476
1433
1709
1585
1099
1546
438
79
1718
777
320
1945
1943
1944
950
814
101
259
2107
650
735
1239
1863
445
2574
2571
548
593
2636
1602
1770
47
48
2015
104
1053
676
88
629
261
100
132
1457
1942
981
1607
2336
895
326
1059
2071
2576
1937
705
1138
478
790
155
2311
2450
949
2448
1908
928
212
2632
391
350
2575
157
1517
2414
1629
1592
1160
1735
637
1952
130
640
1865
1101
2561
635
1214
547
658
641
1302
1733
2303
2078
967
1918
313
1845
632
108
959
1564
2168
2730
929
501
2436
1111
1824
2341
1172
1180
2528
2048
200
1200
1236
1589
40
2062
55
68
511
2090
1977
2727
1732
647
1419
1420
2135
2698
2187
1057
2199
1481
2501
569
1331
1836
225
1614
1878
594
796
2670
2669
62
2563
2171
2166
2538
1468
509
2668
2478
836
826
1424
1763
1745
1790
2630
1774
513
227
160
1093
1234
250
1467
2621
1288
4
2017
191
1224
1010
1312
1110
601
1158
1120
1742
2054
2013
226
802
1054
1789
2618
1903
1275
1274
243
2724
2659
597
273
358
1107
2178
2712
1044
1077
145
2570
1545
2642
2505
525
1178
1018
2675
1702
550
1381
2616
1980
1913
2582
1926
2012
2266
1228
2619
2490
1376
1907
2215
1055
794
1122
2477
2676
378
2432
2271
573
2722
107
298
2674
1780
1705
1384
2610
2226
2181
1957
1873
2289
2211
2706
2224
1555
2651
1305
2230
2276
1782
354
496
1198
2497
1704
2603
258
2393
2725
1500
1073
2263
648
1838
2691
801
2613
2016
2705
183
571
1104
1206
334
2694
2606
919
1219
2371
1342
1216
2731
572
1893
70
1549
2344
9
1166
137
1902
1403
1904
1693
1267
2513
2205
124
1504
2708
503
1877
86
1660
580
2522
1522
2123
2709
2732
1533
1311
1271
1612
317
1642
119
527
1505
170
1864
2200
1667
2729
1639
2169
2167
2045
2006
1096
2422
585
1304
1776
1022
1009
1984
311
384
2720
2494
1329
2196
159
1778
2228
2559
1295
1108
1829
624
622
623
1532
1699
882
505
1183
969
3
2672
2165
78
1665
1842
1710
1495
1680
1344
508
1697
859
2687
1905
64
2504
2227
1106
2127
1769
1662
783
1847
2693
813
502
972
2201
1346
2207
1860
654
1793
347
1663
1552
2175
631
812
2721
869
2195
2270
1798
2202
2283
526
134
2124
1783
797
820
1515
1014
514
780
1296
779
2163
1779
515
1526
2189
2532
2686
1378
2707
176
1251
2620
1477
2617
2152
2126
1161
1850
2392
2627
2133
795
1038
5
616
2599
506
1105
1756
1343
2307
965
21
639
2186
2547
2310
2203
2218
184
862
2701
1973
1205
364
1579
1530
1809
1485
1510
121
1609
2634
988
1542
1834
63
504
1294
123
1568
1464
2162
1794
1438
1369
1807
1350
1933
1023
1694
2125
973
11
2649
1026
1229
161
2061
2268
2305
2343
598
2594
308
2050
299
2308
962
960
1303
1048
2703
611
2593
586
1039
1636
291
2185
557
1367
1083
270
2517
310
517
303
201
1625
568
1213
2527
1970
2059
2540
1488
254
2646
2359
1168
1955
1391
2269
372
2173
507
856
911
2531
196
2209
1703
2516
2427
1496
497
2174
2210
1179
2274
2159
1565
582
486
1382
2699
208
80
302
2284
1858
2029
1772
2190
1313
2206
755
2193
1837
588
1870
175
194
274
961
992
1190
1299
821
1746
2502
2525
758
2362
999
2212
551
1461
606
1084
2272
1884
345
978
2480
1117
947
2585
343
2579
1751
1898
2443
158
1356
1797
344
1754
439
1309
900
375
1089
562
173
2049
553
1364
1990
32
1402
2213
2491
2128
1116
529
202
759
1145
1207
1575
43
717
2389
2072
366
1255
2285
2602
1506
2663
182
858
1095
1698
356
883
1521
2733
380
60
1536
1250
581
2137
1037
1169
2261
203
2690
537
1193
1162
1163
1355
351
2136
2640
2664
1962
359
599
1211
1773
1345
1743
2180
353
2194
1995
1537
2671
1560
1498
1493
1380
2677
1164
638
1056
122
1914
2592
1963
1386
968
1075
1076
2716
1015
1016
2280
1184
2256
199
2139
994
2278
2638
1226
2704
2394
209
1233
1006
1185
822
876
2656
2493
2022
2121
2492
2176
2607
1996
1036
229
522
2652
1222
2600
29
2191
939
1232
2718
776
2728
1971
1796
1276
1421
1801
1189
1194
1577
1854
2314
518
2120
371
552
902
2643
905
2419
90
2544
2625
2545
2530
217
111
2372
1323
305
24
412
2150
2425
688
2460
2475
56
1569
2558
1098
2349
41
1765
34
704
996
443
607
115
1719
1058
2069
1136
2683
2093
1655
734
589
2573
2146
2356
2232
13
1953
2313
1563
2523
1856
1319
281
440
1738
307
296
2426
1428
1646
2239
846
2148
560
285
2361
198
1839
2299
1029
57
2451
1920
634
2351
289
1840
2149
1140
2353
2085
874
873
1598
806
1374
2515
1559
1349
2508
2011
1278
31
53
1390
1045
1586
702
701
703
430
1118
1897
2036
1690
1692
575
2463
1844
2287
2440
269
2438
401
663
336
1361
541
920
1143
1728
745
689
1177
1740
474
2340
1827
1287
2063
1004
2455
1826
2681
1041
714
113
236
2420
2507
2019
684
1580
1027
1261
1976
264
1922
1279
1758
2564
1146
271
1556
767
605
863
1195
1547
360
1060
1815
1317
850
205
1764
974
2567
2464
602
1989
2290
2304
1114
222
1398
773
841
458
316
1486
312
337
1550
840
2118
619
2541
2542
1708
459
2374
1653
1128
625
2678
494
1656
2631
2109
1659
342
2252
16
451
1306
436
603
914
15
1570
2141
1876
952
374
2151
1094
116
1040
2536
1452
2535
932
1767
1139
2007
2587
1327
872
382
2302
1561
114
1474
720
36
1658
936
871
138
2044
1462
1028
1460
1248
165
1025
1822
620
406
2306
1289
2100
35
2352
1974
1572
746
349
2430
2075
943
76
2229
1339
1737
1137
216
1816
2084
2282
852
910
1394
1686
2376
851
2086
1968
1340
2098
1156
564
1418
1519
83
2293
428
1253
697
415
712
1259
1640
2097
985
479
98
1322
538
1121
1131
1321
2309
2033
2095
190
2358
2099
645
389
408
2399
890
886
887
2473
2053
1063
885
50
1715
2318
963
73
294
2369
92
1726
1471
2357
1043
1050
2456
2562
150
1393
215
1423
1729
1396
2301
1067
1621
2626
1650
2106
536
1739
1439
847
1447
2405
340
1347
67
723
146
2385
2554
839
2437
1886
1967
193
1441
224
2537
674
386
595
2009
377
983
37
1551
1446
2132
1387
1988
383
2329
2096
476
181
831
1360
422
1605
2295
242
338
2267
45
1243
2281
1950
426
1691
2604
935
621
1240
1401
1247
2255
739
2005
2250
2275
842
1008
283
2122
2339
1370
2244
731
400
1082
481
425
1590
903
690
2154
1616
2407
2409
1714
2657
673
877
102
1051
2294
1543
888
1946
1508
434
2079
1644
2155
2047
1286
646
2482
2081
2041
1263
2370
934
489
2457
2240
2453
880
1507
2004
263
1643
897
94
89
2660
2360
803
2417
2469
2092
2257
933
937
1727
2220
1688
1817
1432
1072
373
1747
1257
2658
694
1750
791
1325
519
279
1759
1859
2555
1113
1539
789
971
792
818
756
1385
2333
725
2158
149
853
1880
235
1965
1966
1939
2387
2101
253
2435
590
1509
1775
2556
1846
1087
1638
578
604
1664
2597
1013
2713
761
500
516
2204
2170
22
554
1463
2667
657
2223
1201
630
1781
1310
1171
148
272
82
2702
2529
2027
2717
1409
2476
1534
924
192
2396
1792
570
2179
2581
2578
2197
2192
19
1437
1554
1567
2156
1741
171
2182
1202
7
2051
2138
2654
1007
2526
2046
2415
2696
10
1124
2231
2401
2164
2208
1400
1785
81
2188
362
1215
488
1787
1281
1032
2612
1203
1204
1958
2697
1371
556
1566
2688
1308
1176
174
528
1157
1786
1264
1835
1701
1375
33
1744
1307
1074
498
20
499
1209
1448
2134
2488
633
1199
1078
2262
1861
2719
219
770
2692
2608
771
484
1611
1297
2018
2172
1610
1527
1972
1630
1414
1001
1574
399
1820
1721
1230
2726
878
450
449
251
1899
2489
1791
1979
1724
1535
2673
