x
2180
351
1
2131
1
2131
901
2689
901
2689
1478
2439
1478
2439
2506
1707
2506
1707
1187
1345
557
1367
2517
270
2517
270
2517
270
2517
270
1083
568
1083
1367
557
1367
557
1367
1083
1213
568
1083
1213
568
1213
568
1213
568
1625
568
1625
310
517
60
517
60
380
60
201
60
201
60
303
60
303
60
303
60
303
60
2733
1521
1163
1521
2733
1521
2733
1521
2733
380
60
2649
1026
1229
1026
60
1026
1229
1026
1229
1026
1229
973
161
2061
2268
161
2061
2268
2061
2268
161
2061
161
883
2209
2305
2209
2174
2209
2516
2209
1703
2209
2210
2209
1382
486
1382
196
2209
196
2209
2210
2209
2516
2209
2210
2209
1382
2707
176
1378
2686
515
1779
515
1779
2667
779
1296
779
554
779
780
779
1463
779
2163
779
22
779
1296
779
1296
779
2204
500
779
2163
779
2123
2709
779
2163
779
22
779
2170
779
514
779
780
779
1296
779
1533
2709
2123
1522
2522
1522
2522
527
761
580
1660
580
1660
500
516
2205
2513
1693
1904
1504
1693
2513
1267
1534
1409
2717
192
924
192
924
1534
1409
2476
1463
2667
657
2223
657
2223
1201
630
1201
630
1781
1310
1781
1310
148
272
82
272
82
2702
2532
2702
2532
2189
1526
2189
1526
2686
1378
176
1382
2531
1382
2209
2305
2209
1382
582
1382
1161
1382
2209
883
2209
598
2209
1382
2699
1382
2699
1382
911
1382
911
1382
2707
1382
2209
196
2209
1703
2209
883
2209
883
2209
1703
2209
598
2209
1382
911
2209
2305
2209
2594
2343
2594
2343
2209
2343
598
2209
1382
2531
1382
1850
1382
486
1382
856
123
1568
123
1568
123
2173
1294
2173
1294
2173
1294
504
1542
504
1542
507
856
507
856
507
1568
1464
2162
1464
2162
1464
2162
1794
1438
372
1794
372
1794
1438
372
1438
2269
1391
2269
1391
2269
1391
2269
1391
1955
1168
1955
1168
1955
1168
1955
1168
2359
356
1933
1350
356
2359
1168
2359
356
2359
254
2646
254
2646
254
2646
254
2646
2050
299
2050
299
2050
299
2050
299
1970
2527
1970
2527
1970
2527
1970
2527
11
973
11
973
11
973
11
2649
11
973
2125
1694
2125
1694
2125
1694
2125
1694
1023
308
1023
308
1023
1933
1350
356
1350
1933
1369
1807
1369
1807
1369
1807
308
2594
2209
1382
2209
2516
2427
1496
497
1496
497
2174
1179
2274
1179
2274
2159
1565
2159
1565
582
1382
2531
1382
1850
208
63
1834
63
208
1834
795
988
2634
988
795
988
2634
504
2634
1609
1510
1609
1510
121
1609
1510
121
1485
80
639
21
965
80
639
80
1579
1530
1579
1530
1579
1530
1809
121
1809
1485
80
639
965
21
965
21
2307
1343
2307
1343
2307
506
1105
506
1343
1105
505
1183
969
1183
969
3
1984
1009
1984
311
384
624
384
2720
2494
2720
2494
1329
2196
159
1329
2196
2124
134
1783
134
2124
1783
1612
317
1271
797
820
1311
1533
779
2170
779
1014
1515
1251
2620
1251
2620
1477
2617
1477
2617
159
1778
1829
624
1829
622
623
1532
623
1532
882
1699
882
1699
1295
2559
1295
1108
2228
1778
2228
622
1108
2559
2152
2126
2152
2126
2392
1161
2392
2627
2133
2627
2133
1038
5
1038
5
616
2599
616
2599
616
2599
506
1105
1710
1495
1710
508
1746
1344
1746
1344
1680
1710
1756
1710
1905
1710
1858
2029
2284
302
2284
2029
1772
821
1772
821
1772
2190
2206
1313
2206
1313
2190
1313
2190
2206
1313
2190
2206
1313
2206
755
2193
1837
588
1837
2193
1837
588
1837
2193
755
2193
755
2193
588
1837
588
1870
194
1870
175
1870
175
1870
175
194
274
194
274
961
992
961
992
274
992
1190
1299
1190
1299
1190
1299
821
1772
2029
2284
302
2284
302
2186
639
2186
2547
2310
2186
2547
2310
2547
2186
2547
302
2547
2186
2310
2203
2128
2203
2310
2203
2128
2203
2128
2203
2128
2203
2310
2203
2128
2203
2128
2203
2218
184
2218
184
2218
184
2218
184
2218
184
2218
184
2218
184
2218
184
2218
184
2701
862
202
862
202
862
202
862
202
759
1207
759
202
759
1207
759
1207
1575
1207
1575
1207
759
1207
759
1207
1575
1207
202
759
1207
759
202
759
1207
1575
1207
1575
202
2701
202
759
1207
1575
1207
202
759
1255
759
1255
1145
1255
2119
1255
1145
1255
1145
1255
1207
759
1207
759
1207
202
1207
759
1207
759
1145
1255
759
1255
1145
1255
1145
1255
1145
1255
1145
1255
1145
1255
1145
759
1145
759
1207
1575
43
2072
43
1575
1207
1575
1207
759
202
862
2701
862
202
759
1207
1575
1207
1575
1207
759
202
759
202
1207
1575
43
1575
43
1207
1575
43
2072
43
717
43
2072
43
2072
43
2072
43
1575
1207
759
1207
759
1207
759
1207
1575
1207
1575
1207
202
1207
1145
759
1207
1575
1207
759
1207
759
202
862
202
1575
1207
759
1207
759
202
759
1207
202
43
1575
1207
1575
1207
759
1145
759
202
529
1116
529
1116
529
1116
529
202
862
202
2701
862
1973
2701
1973
2701
1973
1205
1973
2701
1973
2701
862
2701
1973
1205
1973
2701
202
862
184
2701
1973
2701
862
202
862
202
529
202
862
2701
1973
2701
1973
2602
2285
2602
2285
2602
1973
2602
2285
2602
2285
2602
2285
2602
2285
2602
2285
1506
2285
1506
2663
1506
2663
1506
2285
1255
1145
1255
2119
656
2119
1255
1145
1255
1207
759
1207
202
43
2072
366
2077
366
2077
2119
1255
1145
759
43
1207
43
1575
1207
759
1207
1255
1145
1255
1145
1255
1207
1575
43
1575
1207
759
202
759
1255
1145
759
1145
1255
1207
759
1207
759
1255
2119
2077
366
2077
2119
2077
366
2077
2119
656
2119
2077
2119
1255
1145
1255
2119
656
2119
2077
2119
2077
2119
656
2119
656
2216
656
2119
656
2119
2077
366
2077
2119
656
2216
656
2119
656
2119
1255
1145
1255
1145
1255
2119
2077
366
2077
2119
656
2216
2661
2216
2661
2216
656
2216
2661
2216
2661
2216
1227
2695
1227
2624
1227
2624
2312
558
2312
2624
2277
2624
1227
2695
1227
2695
1227
2624
2277
2624
2277
2624
2277
2624
2277
2624
2277
2624
2277
2624
2277
2312
558
2312
2514
2312
558
2312
558
2312
558
2514
1298
2514
1298
2514
1298
2514
1298
1217
1333
989
1333
214
1333
1363
1869
1410
1218
1410
1869
1363
1225
1047
2623
2037
2605
2037
2605
2037
2605
2382
881
2609
2350
376
1165
376
2655
2421
1333
2421
1494
655
1494
1333
214
1494
214
1333
1218
1333
1188
1333
1020
1333
1020
1333
2639
1333
1188
1333
2650
1333
1020
1333
2655
1333
2655
2421
1333
2650
2639
1333
2655
2421
1333
2650
1333
1188
1333
1218
1333
989
1333
1020
1333
1217
214
1333
2639
1333
1217
1333
1188
1333
989
1333
989
1333
1494
655
1221
655
1494
655
1221
655
1221
1725
2273
1520
2273
1725
2273
1725
2273
1520
1872
1520
1872
1520
1872
1520
1872
1520
1872
1520
1872
1520
1872
2273
1725
2273
1725
1221
655
1221
1725
1221
1725
2695
1227
2624
1227
2695
1227
2695
1227
2695
1227
2695
1227
2695
1725
2695
521
2216
1227
2695
1227
2216
2661
2662
99
2580
1119
2580
99
2662
99
2662
99
2662
99
2662
99
2580
99
2662
2661
2662
2661
2216
2661
2216
2661
2216
2661
2216
2661
2216
2661
2662
2661
2216
2661
2216
2661
2662
99
2580
99
2580
99
2662
99
2662
99
2662
99
2662
2661
2216
2661
2662
2661
2662
2661
2216
2661
2662
99
2662
2661
2216
656
2119
1255
2119
1255
1661
1255
2119
2077
2119
656
2216
2661
2216
2661
2662
2661
2662
99
2580
1119
649
1119
649
1119
649
1119
2580
99
2580
1119
649
1119
2580
99
2580
1119
649
1119
2580
99
2662
99
2580
1119
649
1119
2580
1031
1849
1031
1849
1031
1849
1031
1245
1031
2580
99
2662
99
2662
99
2580
1119
649
1119
649
1119
2580
1119
649
1119
649
1119
649
1119
649
1119
649
1119
649
1119
2580
1119
649
1119
649
1119
649
1119
649
1119
649
1119
649
1119
649
1119
649
1119
649
2580
1119
2072
43
1116
529
1116
529
1116
529
1116
529
1116
529
1116
529
1116
529
1116
529
1116
529
1116
529
1116
529
1116
529
1116
529
1116
529
1116
529
1116
529
1116
529
862
2701
862
202
2701
862
202
1145
1255
2119
2077
656
2119
656
2119
2077
366
2077
366
2077
366
2077
2119
2077
2119
1255
2285
2602
2285
2602
2285
1506
2285
2602
2285
2602
2285
1506
2663
1506
2663
1506
2663
1506
2663
1698
182
858
1095
1698
1095
1698
1095
1698
1095
1698
1095
182
858
182
858
182
858
182
858
182
858
182
858
182
858
1095
1698
2663
364
1205
364
1973
364
1205
364
1205
364
1205
364
1205
364
1205
364
1579
1530
1579
1485
1809
1530
1809
1485
80
2310
2128
2491
2213
2491
2213
2491
2213
2491
2213
2491
2213
2491
2213
2491
755
2491
755
2491
2213
2491
2213
1402
1089
562
375
562
1402
1089
562
32
1990
32
1990
32
1990
32
1990
32
1990
32
1990
32
1990
2579
1751
1898
1449
470
1449
804
2589
133
2589
133
329
483
329
775
1406
775
1406
1070
2326
1070
2326
1712
1587
309
1587
309
2026
980
2026
980
345
978
345
565
567
566
567
566
565
1454
1557
1454
1246
1620
1246
1935
2383
1246
677
1246
1064
1246
894
1246
893
1246
2094
1246
1594
1983
2583
1246
1065
1246
1619
396
1619
396
1594
1337
610
388
610
388
1595
44
1595
44
1337
1983
246
154
246
154
2583
1935
2383
2094
1246
2288
2319
2288
1484
325
1585
1863
1937
1585
438
1585
790
1585
397
2068
1585
2257
1585
1099
1585
1099
1585
705
1585
735
1239
735
1585
1709
1585
1099
1585
438
1585
1546
1585
1727
1718
1585
478
1585
2092
1585
790
1585
705
1138
1585
478
1585
1433
1585
954
1585
1546
1585
937
79
1718
1585
1709
1585
2257
1585
2092
2469
933
1585
1736
954
2449
2068
827
2321
397
2321
827
2449
2319
325
1484
352
644
352
644
642
643
642
643
944
672
1867
475
2039
475
2039
843
628
843
803
950
803
2417
933
937
1727
79
320
777
650
2107
777
320
1945
1943
1945
1943
1944
814
950
1944
814
101
259
101
259
2107
650
1239
1863
2574
2571
445
2574
445
2571
261
629
261
629
88
676
88
676
1602
100
2636
593
548
593
548
2636
1602
1770
100
132
1942
47
48
2015
48
2015
104
1053
104
1053
1770
47
1457
132
1457
1942
981
1607
981
1607
2336
895
2336
895
326
1059
2071
1059
2071
326
2311
155
2311
2450
155
2576
1585
2469
2417
944
672
1867
2418
1529
2418
1529
231
2108
231
2108
710
1252
710
1252
925
1528
925
2237
1528
2237
628
213
1601
213
1601
1301
233
1301
233
1377
2335
1377
2335
1949
239
1949
239
544
2334
544
2334
2286
441
2286
441
398
711
2014
711
398
328
626
328
2014
218
464
218
2338
1927
2338
464
908
833
1451
833
1451
908
1130
1652
1130
1652
2242
829
2242
829
418
2539
1927
418
2539
2500
2157
492
2500
492
2157
626
2424
1981
2424
139
2236
139
2236
163
1336
2327
1336
163
2327
1330
849
1330
849
2221
2222
2221
2222
2116
1597
1959
1597
1959
2116
1981
726
747
726
747
402
2249
402
2249
2147
2452
2147
2452
1129
2684
1129
1127
975
1127
975
2067
696
2067
696
1617
926
1617
926
927
2298
927
2298
1272
733
1272
733
2684
1889
2104
2117
2104
1889
2117
2454
2020
2454
2020
741
1465
741
1711
1879
1711
1879
471
327
471
1875
485
1875
485
97
1388
97
1388
2404
2479
2404
2479
427
2087
427
719
127
322
127
322
719
2087
2003
128
2103
2003
128
2103
2458
2143
2458
2143
1583
1426
1583
1426
1581
167
1581
167
1427
718
1427
718
2002
1238
2002
1238
480
370
369
1887
369
1887
480
370
1923
819
1923
819
327
1465
662
549
662
549
2441
1760
2441
1760
2481
1753
1291
1753
1291
2481
2380
1487
2380
1487
1713
799
2023
1713
2402
539
2402
539
2499
2021
2499
2021
2292
1766
2292
1766
2247
809
2247
809
23
956
255
956
23
799
2023
1480
1479
1480
1479
2112
1538
2112
1538
738
2461
2498
2461
2498
738
2034
455
2034
691
455
691
1626
58
2153
58
1626
2153
785
2596
664
2246
664
2246
510
2073
854
2073
854
510
754
618
754
618
240
2265
240
2265
1814
1548
1814
1548
238
828
238
828
1924
18
786
2467
18
1150
786
2467
1150
1411
463
1459
463
1411
463
1459
413
1603
413
490
413
490
413
490
413
490
413
1379
413
1379
413
1603
413
490
413
1459
413
490
413
1603
413
490
413
1459
413
490
413
1603
413
490
413
490
413
1379
413
1459
413
490
413
490
413
1379
1152
1379
413
798
1603
413
798
433
1892
433
432
318
432
318
1910
670
1910
1892
670
2030
1571
2030
1571
2297
665
75
665
75
2105
2297
2105
105
1141
105
909
1141
909
1622
1632
1622
2254
740
2254
740
695
1653
405
1653
1128
1653
692
1653
2091
1653
1128
1653
692
1653
319
1653
494
1653
186
1653
186
1653
1128
1653
695
698
1653
698
1442
1653
625
1653
2091
1653
178
1412
1653
1656
1653
2678
1653
178
1653
494
1653
2080
1653
2411
1653
1442
1653
2290
2304
1989
337
602
1653
692
1653
2411
1653
625
1653
493
444
292
1453
292
1372
1453
1435
1654
1435
1412
1372
1653
2080
1653
405
1653
2631
1656
2109
1431
2109
2631
1635
671
1635
671
2330
295
1654
2330
295
2140
2433
2140
2433
1024
737
1024
737
766
1458
766
1458
2354
444
2567
493
2567
2464
1550
2464
602
1550
840
2118
840
2118
1398
773
841
773
841
458
316
458
316
2368
276
2368
1486
312
1486
312
1114
222
1398
222
1114
337
1989
2290
2304
2260
1771
2260
1632
1771
2082
136
2082
136
276
2238
1353
2238
1353
2065
2534
2065
2534
368
1450
368
1450
2459
2111
2459
2111
2355
1516
2355
1516
781
2074
781
2074
461
619
461
619
416
417
416
417
1103
1593
1103
1593
452
420
459
1708
2541
2542
2541
2542
1708
452
459
420
293
534
293
534
241
857
241
857
314
1683
912
1716
912
1716
2373
166
2373
166
1237
1511
1237
1511
2645
1678
2645
1678
1808
232
1808
232
2428
330
2428
330
1181
2028
2483
1231
2483
1231
2028
1181
1413
248
1413
248
91
1492
91
1492
805
1170
805
1170
379
2198
379
2198
1803
2665
1803
2665
1848
2551
1848
2551
587
661
587
661
1800
1671
1100
1671
1100
1800
1717
1466
1717
1466
608
1097
608
1097
103
708
103
708
1133
1132
1133
1132
1818
1819
1818
1819
1868
1366
1868
1366
1947
1853
1679
1853
1679
2058
1673
1670
1673
1670
896
2347
896
2347
315
1777
1030
1777
1030
2734
2089
2734
2089
1647
1284
1647
1284
1148
542
2043
1806
1109
1806
1109
542
2043
1395
1896
1395
1896
69
1828
2586
234
2586
234
1357
1359
1357
1359
1830
1407
1831
1407
1831
467
1830
467
483
470
2443
158
2443
158
1356
1797
1356
1797
947
1117
947
1117
2480
1754
2480
978
1754
439
2387
439
2387
439
2387
1309
900
375
900
375
900
375
900
375
562
1089
1402
173
1402
562
1089
1402
1089
173
2049
553
2049
553
2049
553
2049
173
1364
173
1364
553
2049
553
2049
553
2049
553
2049
553
1364
553
1364
173
1364
553
1364
173
1402
1089
1402
173
1364
173
2049
553
1364
173
2049
553
2049
553
2049
553
1364
553
2049
553
1364
173
1364
553
2049
553
1364
2389
717
2389
717
43
2072
43
717
2072
717
2389
717
2389
717
2389
717
2389
717
2389
717
2389
717
2389
717
2389
717
2389
717
2389
717
2389
717
2389
717
2389
717
2389
717
2389
717
2389
717
2389
717
2389
717
2389
717
2389
717
2389
717
2389
717
2389
717
2389
717
2389
717
2389
717
2389
717
2389
717
2072
43
1575
1207
1575
43
2072
43
2072
43
2072
43
2072
43
2072
43
2072
43
2072
43
1575
1207
759
1207
1575
1207
1575
1207
1575
1207
1575
43
2072
43
2072
43
2072
43
1575
1207
1575
43
2072
43
2072
43
2072
43
2072
366
2077
366
2077
366
2077
366
2077
366
2077
366
2077
366
2077
366
2077
366
2077
366
2077
2119
2077
366
2077
366
2077
366
2077
366
43
366
2077
366
2077
366
2077
366
2077
366
2077
366
2077
366
2077
366
2077
2119
2077
2119
656
2119
2077
366
2077
366
2077
2119
656
2119
2077
366
2077
366
2077
366
2077
366
2077
366
2077
366
2077
366
2077
366
2077
366
2077
366
2077
366
2077
2119
656
2216
2661
2216
1227
2695
521
1661
930
1661
930
1661
930
1661
521
930
1661
656
2119
656
1661
521
1425
521
930
1661
930
521
930
1661
521
930
1661
521
930
1661
521
930
521
930
1661
930
1661
930
1661
930
1661
930
521
930
1661
930
1661
930
1661
930
1661
521
1661
930
521
1425
2474
1888
2474
1425
2474
1888
2474
1425
2474
1425
2474
1888
2474
1888
2474
1425
2474
1425
2474
1425
2474
1425
2474
1425
521
1661
521
1425
2474
1888
2474
1888
2474
1425
2474
1888
2474
1425
2474
1425
2474
1888
2474
1888
2474
1888
2474
1888
1520
2273
627
1666
627
1666
627
1666
627
1666
627
1666
1165
301
1019
301
1019
1997
1175
881
2609
2350
376
1165
301
1175
1997
1175
881
2609
2350
376
1165
301
1019
1997
1019
1636
1488
291
1488
1048
1488
1039
1488
960
962
2308
2059
2308
2059
2308
2059
962
2308
962
960
962
2059
2540
1488
1048
1488
1303
1488
2185
1488
1303
1488
1303
1488
2185
1488
1039
586
2593
586
2593
586
2593
586
2593
611
2593
586
2593
611
2703
611
2703
611
2703
611
2703
611
2703
611
2703
1048
1488
2540
1488
1039
1488
2185
1488
1636
1488
960
1303
1488
960
1488
1039
1488
1048
1488
960
1303
1488
1636
1488
1048
1488
1039
1488
1636
291
1488
291
1488
2540
1488
1048
1488
1636
1488
2540
1488
291
1488
2540
2185
557
1345
1187
787
964
120
964
1115
964
899
964
899
964
1115
964
899
964
180
964
177
964
223
787
223
991
333
991
333
861
2509
861
1929
1928
1929
1928
2715
2614
2715
1440
1788
1440
1788
2496
2591
2496
2591
1354
1901
1354
1901
990
763
2388
763
990
1618
1723
1757
1723
1757
1748
763
1497
763
1497
763
1173
763
1748
2364
2611
763
2364
763
1573
763
577
763
2388
763
1341
763
2388
763
2388
793
2388
1833
2388
793
2388
763
2388
172
2388
71
2388
2512
2388
1537
2388
1173
763
2388
122
2388
763
2388
1833
2388
2512
2388
763
2388
763
2388
2342
2388
1341
763
2509
1743
1962
2664
1962
1743
359
1962
359
599
359
599
1345
1211
1773
1211
1773
1211
1773
1932
964
207
964
1932
964
2629
1091
964
297
964
207
964
220
180
964
297
964
1932
177
964
2382
964
177
964
1079
2615
1091
1618
2629
964
1956
2615
1956
1079
964
2382
120
220
8
769
8
769
1706
1080
2214
1706
1080
2346
2184
2346
2345
1576
2345
543
1999
543
1999
1544
1273
1544
1273
2129
2130
2129
2130
185
84
185
1576
2184
2214
1225
1047
2623
1047
1333
257
1333
1217
1333
2650
1333
257
884
257
884
2397
1832
2397
1832
2397
1832
2183
1672
2183
1672
2183
2161
1683
314
1683
2161
1828
69
1828
2161
1090
1399
1090
1399
1672
1399
1090
1399
1090
1849
1031
1245
782
1245
782
1245
782
2001
2031
2001
2031
2001
2031
1283
1282
1283
1282
1283
1282
1751
1898
804
1898
1751
2579
343
2579
343
2579
343
2585
344
2585
344
2585
344
1939
1966
1965
1939
1965
1966
235
1880
235
2101
1309
2101
1309
2101
1880
606
1461
606
1084
1461
2212
551
2212
551
253
2435
253
2435
783
1847
783
1847
813
2693
813
2693
654
1860
654
1860
1793
347
1793
1663
347
1663
2202
2207
1346
2201
1346
2207
2201
972
1798
2270
2195
2270
2195
1798
972
2227
2504
2227
1106
859
2687
859
2687
2525
1697
2525
1697
758
2502
999
2362
2502
758
2362
999
1084
2272
1884
2272
1884
1061
853
1061
421
1689
421
853
2333
725
2333
1385
394
1600
394
1600
1476
1475
1476
1475
1155
613
986
1155
1314
613
986
614
1585
2576
1937
1138
1585
1736
1585
1709
1585
1433
1585
614
1314
393
756
393
361
156
361
1648
93
1648
93
65
1429
65
1429
429
2367
429
2367
2366
1817
1628
1254
1088
1254
1088
195
866
195
866
1688
2220
1688
2220
949
2450
949
2448
1908
2448
928
1908
928
845
1941
2264
845
2264
1941
260
212
260
212
151
2533
151
2533
1951
2337
1951
2337
385
2038
385
341
2644
341
2644
1890
142
1483
757
1483
1915
2414
1517
1629
1574
399
1574
399
1918
967
1918
967
635
1214
547
2078
658
2078
641
1302
641
1302
1733
2303
1733
2303
256
1005
1258
1005
1258
636
2375
2083
2375
1812
2375
256
2375
2083
2375
2560
2375
424
2375
2296
875
2622
875
2647
2296
749
636
2055
1242
2055
1242
1085
2025
1324
363
1085
2025
363
1324
267
1280
267
1280
1042
392
2375
1160
2375
2056
953
168
2324
168
2324
1938
2414
1517
1938
1915
716
454
742
454
716
742
61
591
61
591
743
373
743
373
1631
891
1631
891
1606
1000
1606
1000
2320
1335
411
848
2320
848
411
410
265
410
265
95
2377
95
2377
1335
757
1890
142
2575
157
2575
157
350
2038
1936
288
1936
288
2632
391
2632
391
350
1482
2434
1482
2434
713
760
713
760
2375
2560
2375
1470
2375
1160
2375
615
2375
424
2375
1470
2375
751
2375
2647
749
2375
392
59
1934
59
1934
1042
367
1149
2622
1149
367
2375
751
2375
2403
2375
953
2375
1629
1592
2375
2403
2375
2056
2375
1592
1735
637
1952
637
1735
2375
1812
2375
615
2375
1952
130
1865
640
130
640
1865
2561
1101
2561
1101
635
1214
547
658
1630
1001
1630
1224
1630
4
1630
1224
250
1224
250
1224
2621
1224
1630
1224
1630
1224
2730
1224
1630
1972
1630
1224
1234
1093
160
1093
160
1774
227
513
227
2630
1790
2630
1790
2166
2538
2166
2538
1468
509
1468
509
836
2668
836
826
1424
826
1424
1763
1745
2726
1763
1745
2726
2171
2563
2171
2563
513
1774
1110
2013
1158
2013
1297
2013
2172
1312
2013
1742
2013
1742
2013
226
2013
802
1342
802
2013
601
1549
1110
1549
601
2013
1158
2013
1789
2013
2054
2013
1120
2013
2731
1342
2371
1219
2371
1219
919
2606
2694
2606
2694
919
334
2488
1104
1206
1104
1206
334
2488
174
633
528
1157
174
528
1157
1786
1264
1786
1835
1701
1835
1701
1375
1376
1907
1375
2673
1535
2673
1535
1724
1979
1724
1979
2490
2619
2490
1791
1376
1907
1055
794
1055
2215
1122
2215
33
1744
33
1744
1209
499
20
498
378
2271
2432
1209
499
20
498
1074
1307
1074
1307
794
1122
2477
2676
2477
2676
378
2432
2271
573
107
2722
1264
2722
573
107
298
2674
298
2674
1780
1705
1780
1705
1384
2610
1384
2610
2224
1305
2224
1782
2497
1198
1782
1838
1782
2263
362
2188
362
2705
2016
1782
801
1566
801
2613
2016
362
1215
362
648
1782
1704
362
1400
362
2231
362
81
362
1073
362
1400
362
2208
362
556
362
2208
362
2156
1567
488
362
2164
362
1073
362
1782
2230
1782
1305
1782
2691
1782
2705
1124
362
2401
362
81
362
1782
1838
1782
2263
362
1782
2691
1782
362
2231
362
1124
1782
1555
2651
1782
496
1782
2613
1782
2276
1782
2230
1782
354
1782
1198
1782
496
1782
648
1782
2603
1704
2603
258
2393
362
1215
362
1500
362
2164
362
556
362
1785
1741
362
1787
488
1787
1032
1281
1554
1281
1032
2612
1203
2612
1203
1204
1958
1204
1958
1371
2697
1371
2697
258
362
1785
1007
171
2182
1202
2182
1202
2396
1792
2396
1792
2027
2717
2027
2529
570
2529
570
1171
148
1171
2581
2578
2581
2179
2578
2197
2179
2197
2192
19
2192
19
1437
1554
1437
1567
2156
1741
171
2654
1007
2526
362
2725
362
2401
362
1500
362
2393
2725
362
2188
362
2526
2046
2415
2046
2415
2696
362
2696
10
571
183
10
183
571
1566
2688
2211
1176
1308
1176
1308
2688
2211
2706
1782
2497
1782
1555
2651
1782
354
1782
2276
1782
2706
2134
1448
2134
1448
1957
2181
2226
2181
2226
1957
1873
2289
1873
2289
633
1199
1078
1199
1078
2262
2013
1054
2013
2731
1216
70
2013
1054
2013
226
2013
1611
1861
2618
2013
1611
2013
1120
2013
70
2013
2054
2013
1789
2013
2262
2618
1903
1275
1274
1275
1274
273
243
2724
243
2724
273
358
2489
358
597
2659
597
2659
1791
2619
1228
2266
2012
1926
2012
2266
1228
1926
2582
1913
2582
1913
1980
2616
1980
2616
1381
550
1381
550
1702
2675
1018
2675
1702
1018
1178
2505
1178
525
2489
525
2505
2712
1107
2178
1107
2178
2712
770
2692
1044
1077
2570
145
450
449
450
449
145
2570
251
1899
251
1899
1545
2642
1545
2642
1044
1077
2692
770
219
2719
219
2719
1861
1903
2013
1312
878
1610
878
1010
1234
1224
929
1224
1630
2017
1630
1224
1467
1224
191
1224
1630
1224
2621
1224
1630
1001
1630
1414
1630
1224
1630
4
1630
1224
1630
1224
1467
1224
1630
1224
1010
1224
1630
1224
1630
1224
2730
1224
1630
191
1224
1630
1414
1630
1972
1527
2608
771
1527
2608
771
484
1297
484
2018
1610
2018
2172
2013
1216
572
1893
572
1893
2344
2138
2344
2138
2654
2051
7
137
2051
7
137
1902
1403
1902
1403
1166
9
1166
9
2668
2708
2478
2708
2478
503
1877
503
1877
86
124
86
124
1504
1904
2205
516
2204
779
514
779
1463
779
780
779
2732
779
2163
779
2476
779
1014
1515
779
1296
779
2732
779
1515
1014
514
779
2170
779
780
779
1296
779
780
779
2163
779
1296
779
22
779
2667
779
1296
779
1296
779
1296
779
554
1267
554
779
2170
779
1296
779
2732
779
1296
779
2732
779
780
779
22
779
1296
779
1296
779
1533
820
797
1271
1612
1311
317
1642
119
1642
119
1505
527
1505
170
1864
170
1864
2200
1667
2200
1667
2729
1639
2729
1639
2006
2045
2006
2045
1552
2175
1552
2202
502
1662
502
1662
1769
2127
1769
2127
1106
2504
64
78
64
1710
1665
1710
1842
1710
1842
1710
1756
1710
1756
1710
508
1710
1905
1710
1858
1710
1495
1710
508
1680
1344
1680
1710
1495
1710
1842
1710
1905
1710
1858
1710
505
1710
505
1665
78
2165
2672
2165
2672
3
311
1009
1022
1776
585
1304
585
1304
1776
1022
869
2721
869
2721
812
631
812
631
2175
2283
2422
2283
2422
1096
526
1096
526
2169
2167
2169
2167
1481
2199
1057
2698
2135
2698
2187
1057
2187
2199
1481
2501
604
2501
604
1664
578
1664
578
2597
1013
2597
1013
2713
761
2713
1846
1638
1087
1638
1846
1087
2556
1230
1721
1775
1721
1230
2556
1775
1614
1878
1614
2670
2669
2670
796
594
1509
594
1509
2727
1732
2727
1732
647
1419
1420
2135
1419
1420
647
569
1331
569
1331
1836
225
1836
225
1878
2669
62
1172
2341
62
796
1172
1180
200
1180
200
1200
1236
1200
1236
2528
2048
2528
2048
108
959
1824
959
1564
2168
1564
2168
1224
2017
1630
1288
1630
1288
1224
1630
1224
501
929
501
2436
1111
1824
2436
1111
2341
108
632
1845
313
1845
313
1820
632
1820
40
1589
40
1589
2062
55
68
2062
55
68
511
2090
511
2090
1977
590
1977
590
694
2658
694
2658
1750
791
1750
791
1325
519
1325
519
2555
1859
2555
1859
1759
279
1759
279
149
2158
149
2158
818
725
818
792
789
971
789
971
1539
792
1539
1113
1277
1113
1277
87
332
87
1964
332
1823
1964
1823
1257
1747
1257
1747
1432
1072
1432
1072
1351
1628
1351
2468
2465
1112
2465
2468
1112
1817
2366
156
756
1385
1689
2234
1649
2234
1649
1557
1246
2144
810
188
1246
1292
1246
1244
1246
1292
1246
669
1246
677
1246
1064
1246
1065
1246
1445
2144
1445
1246
1620
1246
188
1246
893
1246
278
1246
1064
1246
1065
1246
894
1246
1244
1246
278
1246
669
679
74
679
74
1885
1712
1885
1734
390
1734
390
2064
1320
2064
744
2466
744
2466
1518
2588
1518
2588
984
2552
984
1960
1152
824
1152
824
2325
2442
2325
2442
1417
1338
1320
1338
1417
1911
832
1911
2379
465
2251
2379
832
409
810
409
1894
715
1894
715
2251
2042
465
2042
1584
830
1584
830
1584
1455
1596
1455
1596
1455
1596
1604
1268
1604
1268
1300
709
1300
709
2042
490
413
1379
413
490
413
1379
413
1603
413
1459
413
490
413
1603
413
490
413
490
413
1603
413
1379
413
490
413
1379
413
1603
413
490
413
490
413
1603
798
413
1459
463
1459
413
1379
413
1603
413
798
1960
1152
1379
413
798
1960
2552
693
1260
693
1260
2550
2413
2550
1192
2413
1192
26
27
26
27
1924
2113
1293
2113
1293
2485
28
2485
28
724
2115
724
2115
1328
66
52
66
280
1653
319
1653
2678
1653
186
1653
280
1328
249
52
811
2000
811
2000
1925
1416
1925
1416
2685
49
2568
948
49
1081
659
1930
659
1930
545
2258
545
2258
2252
342
2252
1370
2339
1370
2339
2244
731
400
731
2244
753
1092
753
400
481
1082
481
1082
1092
555
54
555
54
532
331
532
331
1081
2685
2568
249
948
2241
2596
2241
1768
785
1768
941
942
941
942
940
997
940
997
2584
255
2584
668
667
668
667
1541
683
1541
683
687
1540
2633
141
2633
1540
687
141
164
2548
164
2548
1473
1909
1473
1909
1052
2503
748
1052
2503
748
2233
1389
2233
1389
2601
407
904
2601
904
407
1985
2302
1985
106
918
106
2302
2587
1327
872
114
382
872
114
1561
2229
76
2229
76
943
2075
943
2075
2430
349
2430
349
746
2098
746
2098
2086
1340
1968
1340
1968
2086
851
2376
851
2376
1686
1394
910
1394
910
1686
852
83
1418
1519
1418
1519
83
852
2282
2084
1816
216
2084
1816
216
1737
51
1737
51
2446
1339
2446
1434
2378
1434
736
1137
1749
675
1722
675
1722
1857
736
1137
1749
1857
1805
1657
1805
1657
835
252
835
395
2487
395
129
1755
129
1755
1582
1881
1582
189
252
946
772
1916
772
946
1916
495
1969
495
1969
2378
1339
1561
382
1327
720
36
720
932
1767
932
1767
1139
2007
1139
2007
374
2151
374
1094
116
1094
116
1452
2535
1452
2535
2044
138
2044
138
871
936
871
936
36
1658
1474
1658
1474
2587
918
1326
612
1326
612
2472
435
2472
435
2553
1068
707
1068
2553
707
1135
533
1135
2653
678
533
2653
678
323
324
323
324
1993
2648
1993
2648
2110
2423
2110
2423
1862
1443
1862
1443
762
1405
1066
1404
1405
762
1404
1066
189
1881
1811
1651
1811
1651
2519
1256
2519
1256
404
1633
404
1633
30
2008
30
2008
1921
453
1921
453
2291
1931
126
1931
2291
126
275
1524
275
1524
865
457
865
457
2487
2390
2145
321
2145
2390
321
1322
538
1322
538
98
479
985
479
98
985
2097
712
415
712
1640
1259
1640
1259
2097
415
697
1253
428
1121
1131
1321
1131
1321
2309
2033
2309
2033
2358
190
2095
190
2095
2358
2099
645
389
645
389
2473
2099
2473
2053
1063
2053
1063
885
887
50
885
50
886
887
886
890
73
963
73
877
73
102
73
2369
73
2318
1715
890
1715
73
2660
73
2360
73
102
73
294
73
963
73
1051
73
294
73
2360
73
2660
73
2318
1726
92
1726
92
2369
73
888
1508
73
877
73
888
73
1051
2294
1543
2294
1543
94
89
94
89
1946
434
2079
408
2399
408
2399
2079
434
1508
1946
897
1643
897
1643
1644
263
2155
1644
263
2155
2047
1286
646
1286
2047
646
2482
2081
2482
2081
489
2041
934
2041
2370
1263
2370
1263
934
489
2457
2240
2457
2240
2004
1507
2004
1507
880
2453
880
2453
1121
697
1253
428
2293
2282
2293
564
1156
564
1156
2407
1714
2409
1714
2409
2407
1616
2154
1616
2154
1050
2456
1050
1043
2456
1043
2357
1471
2357
1471
673
2657
673
2657
1572
1974
1572
1974
2352
35
2100
1289
690
150
690
2352
35
2100
1289
2306
620
406
2306
406
620
1650
2626
1621
1650
2626
1621
1067
2301
1067
2301
1423
1729
1423
1729
1396
2562
1396
2562
150
1393
215
1393
215
1822
1025
1822
1025
165
1248
165
1248
903
1028
903
1028
1460
1978
1460
179
1978
179
39
2253
617
2679
617
39
2253
2679
1021
2471
1021
2471
1123
2445
1645
686
2682
682
1123
682
1645
686
2682
448
446
448
446
447
913
447
913
2445
285
2361
285
2361
560
2148
560
2148
307
296
307
1738
198
1738
198
1839
589
734
2146
2573
1839
2573
589
734
2146
2356
2232
2356
2232
13
1953
2313
1953
13
2313
1563
2523
1856
1319
1563
2523
1856
815
1126
815
1126
1456
2440
1456
197
144
197
144
2558
1098
2558
56
2475
56
2475
1086
1569
1086
1569
1098
2349
41
2349
41
2460
688
2460
688
269
1136
269
1136
704
996
704
34
1765
34
1765
996
443
607
443
607
115
1719
115
2069
1058
1719
1058
2069
2425
2150
2425
2150
412
24
412
24
305
1323
401
1323
1764
2372
1764
1352
491
1352
2372
1285
346
1285
2444
2406
2569
2444
666
752
2569
2406
305
2438
663
401
2438
663
336
1361
336
1361
541
920
541
920
1143
1728
1143
1728
2019
684
2019
2420
2507
2420
2507
236
1041
714
113
1041
714
113
236
1045
2149
702
2149
1586
2149
1840
2149
1374
2515
1374
806
1374
2011
1154
2470
2225
685
2225
685
2470
1154
1855
2635
1855
2635
524
2518
524
2518
1681
1436
808
1436
1681
808
596
1558
596
1558
277
2010
277
2010
147
2666
147
1071
1012
1071
1012
889
2484
889
2484
1991
995
1991
995
72
2088
2381
2088
72
680
487
680
487
1624
1687
1624
2066
1151
2066
1151
1623
266
2381
1623
266
423
2486
1841
998
1841
998
2666
2398
2711
2398
2711
1992
987
1992
987
2495
2032
2495
958
2520
1167
563
1167
563
1266
1373
1266
1627
1373
1627
211
286
211
286
727
2572
1687
2572
727
729
96
729
728
730
728
730
2316
1975
2316
96
1975
1049
2219
774
1900
2219
1049
1900
774
1615
1608
1615
1608
1241
1685
1241
993
1685
993
945
660
1948
660
945
1948
2543
1397
2543
1397
2598
979
2598
979
1191
651
1191
651
1523
125
1523
125
834
2429
842
2429
1883
2429
2595
2429
535
2429
403
2429
1017
2429
842
2429
1358
834
2429
2275
2429
609
2429
244
2429
2235
2429
1358
244
442
2322
2429
1017
2429
535
2429
2275
2429
609
2429
2595
2429
1883
2429
1906
2429
2114
1125
2114
1125
1906
2429
2323
442
2323
2322
2429
1008
153
414
1008
153
403
2429
2680
2235
2429
1871
456
1871
456
1762
2680
1762
1682
732
1682
732
722
2386
722
2386
817
1408
817
1408
1247
2255
1247
2317
1588
2317
1588
2255
739
45
739
45
1243
2281
1950
2281
1243
1950
146
723
146
723
67
1347
67
1347
1439
2295
242
2295
2106
536
2106
536
1739
847
1447
847
1447
340
2405
340
2405
1439
1739
242
1605
422
1605
422
1360
831
1360
831
338
181
338
181
2329
476
2329
1988
383
1988
383
1387
2096
476
2096
1387
1551
2132
1446
2132
1446
37
983
37
1551
983
377
2009
377
2009
386
595
386
595
674
2537
674
2537
2005
2250
2005
2250
224
1441
224
1441
193
1967
193
2267
2385
2267
2554
839
2554
839
2437
1886
2437
1886
1967
2385
426
1691
426
1401
1240
1401
1240
1691
2604
935
2604
935
621
938
621
938
118
2040
118
2040
2259
540
2259
540
162
2351
162
419
600
2408
431
2408
431
46
1374
2149
2085
1374
806
1374
2085
1374
806
1374
2149
873
2149
1140
2149
289
2149
1374
2515
1374
2085
1374
357
1374
1003
1374
1003
1153
1003
1559
1003
1374
1003
1374
2149
702
2149
1840
2149
1140
2149
1897
289
1897
1690
2036
1690
2036
1692
575
2093
575
1692
1118
430
701
703
2149
1374
53
31
53
1390
53
1390
31
1278
2011
1278
2011
2508
1349
2508
1349
1559
1003
1374
1003
2549
1003
1374
2149
1118
430
2149
1140
2149
701
703
2149
2353
2149
2085
1374
2149
1840
2149
873
1045
874
1598
874
1598
1374
806
1374
2515
1374
2085
1374
357
1374
357
1374
2149
1586
2149
2353
2149
1374
1003
2549
1003
1374
46
860
1374
2353
2149
1374
1003
2549
1003
1374
357
1003
1153
1003
1374
1003
1374
2149
1374
357
1374
1003
1374
860
46
860
1374
1003
1374
806
1374
806
1374
806
1374
860
1374
2515
1374
2149
1374
1003
1374
1598
1374
1003
1374
1003
2486
1003
1153
1003
423
1069
140
1069
140
2102
187
1940
187
2102
1987
1940
1987
652
2348
652
2348
482
1513
482
1513
283
414
283
1553
117
2248
1553
2248
117
1430
2024
1430
706
230
706
230
2024
419
600
2351
634
1920
634
1920
57
1029
2299
2451
57
2451
1029
2299
1655
2093
1655
2683
2463
2683
2463
1844
2287
1844
2287
2440
1319
281
440
281
440
296
1646
1428
1646
1428
2426
951
2426
951
1562
1142
1562
1142
1917
143
1917
143
2239
846
2239
846
750
1720
750
1062
917
1462
1062
917
1462
1720
131
1011
131
1011
1684
2160
1684
2160
1040
2536
1040
2536
2151
952
1876
952
1876
2141
1570
2141
1570
15
914
15
914
2122
603
2122
603
436
1306
436
1306
425
1590
425
1590
451
16
451
16
342
1659
699
1659
561
477
561
477
466
1431
466
85
2243
85
2243
699
788
2245
788
2245
700
653
700
653
892
1752
892
1752
469
906
469
906
42
1270
2142
1270
2142
42
468
1290
468
1290
1102
2565
1102
2565
237
1912
237
1912
1730
681
1730
681
2566
2354
2566
1334
1392
1334
1392
574
282
574
282
2300
1954
2300
290
348
290
348
1531
2577
1491
38
1531
2577
1491
974
721
974
38
112
1634
112
1634
437
2447
437
109
2447
109
346
666
752
1469
1825
1469
1825
1262
381
1262
381
922
17
922
17
721
462
923
462
923
1954
844
879
284
1591
284
1591
879
844
1731
1503
1731
1503
2070
520
2395
520
2395
2070
1348
25
1348
25
1874
2332
1874
2332
1810
2374
1810
2374
1444
2331
1444
2331
807
1134
807
1134
1147
1148
1147
1895
2076
1895
2076
1843
816
315
1843
816
1362
838
1362
838
1882
2557
1882
2557
2328
473
2328
473
921
2462
921
2462
262
1315
262
1315
1316
12
764
339
764
1316
12
1919
2384
472
2384
1919
111
217
111
217
472
1599
2510
1223
1599
1223
2510
339
491
1046
837
1046
837
210
460
210
460
221
2564
221
2564
1758
1279
1758
1279
1922
264
1922
264
1976
1027
1261
1976
1261
1027
205
850
205
850
1317
1815
1317
1815
1827
1287
1827
1287
2340
474
2340
474
1740
2455
1740
1177
689
1177
689
1580
745
1580
684
745
2455
1826
2681
1826
2681
1004
2063
1004
2063
1212
2363
1212
2363
977
1998
977
1998
1677
1852
1677
1852
1210
1144
1210
1891
2628
1891
2628
931
287
931
1144
287
864
304
864
304
976
825
976
825
1035
2217
1700
2217
1813
2217
1813
2217
1994
863
1994
2217
1226
2217
1700
2217
247
2057
2217
365
2217
247
2217
823
2217
2394
1035
2217
1182
1637
387
1637
387
306
1146
306
1696
800
1696
800
2625
2545
2625
2545
2530
1947
2530
2544
1269
2544
1269
90
2058
90
2419
2217
823
2217
2704
2217
2643
2217
6
1182
2217
6
2217
365
2217
905
2419
905
902
2643
2217
559
2217
2060
855
371
970
371
2723
559
2217
2060
2723
902
546
1821
546
1821
1514
970
1514
1368
1674
552
1368
552
1674
1034
1961
1034
1961
1186
2524
1186
2524
84
1159
523
2590
1159
523
1578
2710
1578
2710
110
2315
110
2315
2412
2400
2412
2400
2611
2714
1002
2714
1002
1249
2511
1249
2511
577
763
1761
206
228
206
228
206
1415
206
939
2191
939
206
982
1318
982
1318
206
2314
1235
206
1015
206
1854
206
968
955
968
1015
206
1784
907
1784
206
1016
206
1208
206
1512
206
1854
206
1235
206
1208
206
1415
206
1016
206
2120
518
2120
2590
898
1383
898
1383
1220
765
1220
765
855
2057
2638
994
2638
2278
939
776
939
2718
939
776
1422
776
77
776
77
776
939
776
939
776
939
522
939
776
939
522
939
776
939
1232
939
776
939
2191
939
776
939
776
939
776
939
776
939
776
939
29
939
1232
939
776
229
776
939
1184
2280
1184
2256
199
2256
199
994
2139
1365
2700
1512
2700
1365
2139
2280
206
518
206
2716
1076
1075
1076
2718
939
776
939
2278
1226
2704
2394
2600
1006
1233
209
1006
2600
209
360
966
2410
966
2410
1060
360
1060
2431
957
2431
957
1799
152
1799
152
1490
335
2052
1490
335
2052
1146
271
1556
271
1556
767
605
767
605
863
1195
1547
1195
1547
1233
1185
822
1185
822
1222
876
2492
876
2656
2493
2022
2493
229
776
1641
245
1641
245
1033
576
1033
1613
576
1613
2032
958
2520
2416
768
2416
1265
1669
1265
1422
1499
1422
776
939
776
939
776
2728
776
2728
776
1422
1796
1422
1669
1971
1422
1332
1422
579
1422
2521
1422
1276
1695
1422
579
1422
300
1422
1971
2391
1422
1796
1422
1332
1422
2391
300
1422
2521
1422
1276
1422
530
531
2279
1499
2279
531
530
2035
1675
1421
584
2035
584
1675
2365
355
1668
1802
2365
1802
1668
870
1502
870
1502
2641
1501
2641
1501
1866
2637
1866
2637
955
583
1386
583
1386
1851
1676
1851
1676
2177
14
916
915
916
14
915
2177
1174
1196
1174
1196
867
592
867
592
1982
784
1982
784
355
169
268
169
268
1577
1194
1577
1194
1801
1189
1801
1189
1421
1804
1795
1804
1795
1695
776
1422
1489
1422
1489
1422
768
2546
1472
2546
1472
1197
868
1525
1996
1197
868
1996
1525
778
2
778
2
2607
2176
2121
2492
2121
2022
1036
2607
1036
2176
2656
1222
2652
29
2652
939
776
939
776
1075
2716
206
2314
206
907
1761
204
135
204
135
1573
512
1986
512
1986
71
1963
2592
1914
2592
1914
1963
2388
2342
763
2388
172
1537
122
2671
1560
2671
1560
1498
1493
1498
1493
1056
1995
1056
1995
2194
2614
2194
353
1380
638
1164
638
1164
2677
1380
2677
353
2180
351
581
351
2137
351
2136
351
2136
351
1037
1169
1037
581
1037
2261
1169
2261
203
2690
203
2690
1193
2427
1193
537
1355
537
1355
1162
1163
1162
1163
1162
1163
1521
2733
60
380
60
201
60
201
60
303
60
201
60
2733
60
380
60
1536
60
380
60
303
60
1536
60
303
60
380
60
303
60
2649
60
303
60
2733
60
201
60
517
60
303
60
2649
1026
2649
60
303
60
1536
60
380
60
1536
60
2733
60
303
60
517
60
1536
60
380
60
303
60
517
60
380
60
201
60
201
60
303
60
303
60
201
60
303
60
303
60
303
60
201
60
1536
60
303
60
380
60
517
60
380
60
517
60
201
60
303
60
303
60
380
60
517
60
1536
60
517
310
1625
310
1625
310
1625
201
1625
310
1625
310
2640
2664
2640
2664
2640
2664
2640
2136
351
2137
351
1250
351
581
351
1250
351
1250
351
2137
351
1250
351
2136
351
2137
351
1250
1536
60
1536
60
517
60
201
60
201
60
201
60
1536
60
2649
1026
1229
1026
2649
60
1536
1250
351
1250
351
581
351
581
351
2136
351
1
