x
1
2
111
684
879
880
878
925
254
731
730
921
278
927
238
237
393
255
538
279
896
153
155
374
549
291
508
132
108
726
929
862
861
395
228
928
212
209
708
27
223
104
868
267
477
656
922
858
390
240
875
876
849
841
180
748
426
521
370
540
607
45
541
92
749
341
306
248
131
347
943
292
11
290
156
652
846
848
847
628
644
566
565
505
509
944
118
485
487
213
214
262
285
299
945
129
247
75
339
171
167
246
446
946
245
899
367
618
786
867
871
548
856
796
463
464
814
815
789
790
791
3
518
913
914
515
193
882
664
666
373
188
683
581
461
590
307
432
128
915
810
472
700
837
361
29
624
28
633
766
324
133
909
256
265
130
952
5
746
423
662
227
235
226
316
866
310
332
864
176
578
219
218
806
366
121
142
392
476
388
387
520
823
305
303
99
527
525
519
60
873
883
304
416
394
233
554
760
382
400
381
501
600
771
931
333
113
117
175
702
40
294
17
54
723
444
293
217
543
602
41
817
466
941
911
654
514
39
433
399
140
139
930
183
863
95
23
632
18
932
801
449
264
189
168
812
76
77
792
437
935
439
778
599
158
571
368
916
116
114
112
703
775
453
127
192
659
190
369
203
225
860
220
202
465
777
365
495
494
493
67
195
799
568
567
422
895
348
286
522
546
524
788
386
385
641
956
907
639
318
319
851
430
215
122
123
585
376
608
337
106
670
613
484
486
58
359
266
297
363
362
414
413
937
169
170
236
260
752
537
282
753
893
734
729
252
398
372
699
870
910
205
206
204
458
696
697
243
276
269
124
692
694
482
474
885
289
424
934
271
425
364
100
933
510
532
135
431
427
588
576
582
583
457
773
772
456
244
358
498
601
744
511
460
547
102
443
573
574
627
421
420
759
178
417
418
191
926
187
919
653
637
411
419
377
900
70
650
30
634
631
924
707
311
313
615
144
450
88
162
161
467
923
711
710
939
783
785
673
668
794
428
447
340
908
503
355
308
134
210
211
164
408
635
754
869
34
769
845
569
145
275
251
661
660
57
676
679
26
955
471
733
643
891
86
978
90
284
462
389
351
609
69
658
770
767
859
371
977
558
857
43
103
42
454
315
507
201
854
888
884
64
545
63
765
152
52
53
872
686
685
614
647
120
793
761
762
763
597
105
378
342
412
657
682
948
852
531
198
836
572
436
755
756
795
797
951
302
751
360
949
7
886
598
950
953
409
149
874
553
728
727
46
709
242
375
735
776
808
314
592
593
309
317
816
594
596
595
512
165
101
517
406
357
87
301
562
380
379
646
606
605
561
221
222
51
877
839
455
642
577
855
774
146
942
147
905
179
177
807
680
677
12
208
9
638
695
693
698
742
651
691
780
148
200
13
126
125
36
887
940
441
199
107
570
402
688
704
473
4
715
768
281
920
327
56
8
10
947
259
675
82
182
181
184
62
37
312
912
743
629
906
166
636
404
938
843
936
626
563
559
564
827
804
805
824
68
321
320
322
325
326
892
253
277
534
536
257
296
630
280
35
904
902
150
448
725
732
738
350
137
274
250
533
504
492
575
353
328
330
44
48
298
216
97
96
840
842
979
61
25
490
980
489
611
415
800
961
445
782
323
391
809
779
589
194
232
234
231
91
831
835
745
270
334
335
338
336
917
405
403
229
21
20
687
716
115
300
758
757
440
197
72
560
622
623
435
434
821
354
356
186
717
718
967
719
295
834
833
832
429
750
497
736
491
65
66
73
258
185
488
230
965
655
901
345
966
343
663
496
844
803
154
604
241
764
79
74
349
838
903
973
689
741
690
706
705
98
971
740
970
724
721
720
384
830
828
969
829
31
14
16
544
526
747
81
78
898
80
968
918
249
143
273
141
138
555
556
15
787
964
268
272
24
19
49
681
678
665
119
438
442
50
401
160
196
47
551
976
506
972
287
802
737
963
822
722
110
109
483
469
468
523
89
669
59
55
648
645
542
84
85
93
94
958
616
894
813
890
853
819
617
619
620
621
6
954
174
535
239
499
500
172
352
640
957
173
811
781
959
397
470
818
820
383
552
452
962
346
344
263
224
83
207
865
825
826
889
163
784
667
672
674
288
529
960
612
584
579
580
530
331
329
739
557
71
151
550
516
513
671
451
475
798
481
38
410
528
459
396
407
881
32
33
974
649
502
850
714
712
713
22
586
591
587
478
480
975
479
136
610
539
261
283
897
603
157
159
625
701
