x
333
395
1
111
2
1
111
2
111
1
111
1
2
111
1
111
1
155
878
880
878
879
684
879
684
879
684
879
684
879
878
880
878
879
878
880
878
880
878
684
879
684
878
879
684
879
878
1
111
2
111
1
111
155
153
155
896
155
153
155
153
155
508
291
374
549
374
508
374
549
291
549
291
508
374
291
549
374
508
374
508
291
549
508
374
549
155
1
111
2
111
1
155
153
155
927
393
279
896
279
896
279
896
279
896
279
896
279
538
255
538
255
538
255
538
255
393
627
393
238
237
238
237
393
237
393
238
237
238
237
238
237
238
237
238
237
238
237
238
393
896
393
627
393
921
927
278
927
278
927
278
927
921
731
921
927
278
927
278
927
278
927
921
254
731
730
731
730
731
730
731
730
731
730
731
254
925
254
925
254
925
254
925
254
925
254
731
730
731
924
631
30
631
650
70
634
924
30
924
70
30
924
30
924
634
924
634
631
30
650
634
631
924
634
650
924
631
30
631
634
924
30
900
377
900
411
900
419
900
377
900
419
900
377
900
637
926
187
637
926
653
926
187
653
187
637
919
926
187
637
191
411
926
637
653
187
926
653
926
919
187
926
653
187
926
919
187
919
187
926
187
919
637
631
634
30
900
419
900
419
900
377
411
191
417
178
417
191
418
417
178
417
418
417
191
417
191
759
421
759
421
420
759
421
759
421
420
759
421
759
421
759
421
759
421
759
420
759
627
460
627
573
574
627
421
627
759
627
574
573
574
573
574
573
574
573
574
573
574
573
574
573
574
573
574
460
443
460
547
102
547
102
547
102
547
460
443
460
443
460
547
532
431
427
431
427
431
427
431
427
431
588
431
427
588
547
532
135
532
135
532
510
532
510
100
510
933
100
933
100
933
100
933
100
933
100
933
100
271
934
425
933
364
271
425
271
364
271
364
425
364
271
364
271
934
364
425
424
271
425
364
424
289
510
100
933
100
933
364
271
424
425
424
425
934
364
271
425
364
271
425
289
510
289
482
694
692
694
692
124
692
124
692
694
692
694
692
694
692
124
703
124
692
124
692
124
269
276
269
276
474
885
474
885
474
885
474
885
474
885
474
885
474
885
474
885
474
885
474
885
482
289
482
124
703
124
703
775
703
775
453
127
453
127
453
127
453
775
703
124
692
124
703
114
116
114
116
112
114
703
114
112
114
112
114
368
916
368
916
368
916
368
916
368
571
158
571
158
571
158
571
158
571
158
76
77
76
77
76
77
76
77
76
792
76
812
76
77
76
812
76
812
168
189
168
189
168
189
168
189
168
189
168
189
168
189
168
189
264
449
244
772
773
457
773
772
457
772
456
772
457
772
457
773
457
773
457
772
456
772
456
772
457
773
457
576
583
576
582
772
457
772
457
772
582
576
583
576
583
582
588
114
116
114
703
192
659
225
369
190
369
190
369
203
190
369
190
369
203
190
369
190
203
276
203
225
860
225
860
225
220
860
220
202
860
220
860
225
860
225
860
220
860
225
860
225
190
369
190
203
190
225
202
465
777
465
777
465
777
494
777
465
777
465
777
494
365
494
365
493
495
494
495
494
493
494
365
494
225
220
494
495
493
220
202
465
202
151
202
860
220
202
151
71
151
71
151
71
151
202
151
202
220
202
151
71
151
71
151
71
151
71
599
778
599
778
599
778
599
778
599
778
599
778
599
778
792
439
792
439
437
778
599
778
439
792
439
792
935
439
935
792
439
437
792
812
792
626
563
564
563
559
563
564
563
559
563
564
563
564
563
626
936
626
936
626
936
626
936
626
936
626
563
559
563
804
805
804
827
804
824
804
805
804
827
804
824
804
559
563
792
812
908
340
447
340
355
134
355
503
908
340
908
503
908
503
355
503
355
503
355
134
340
428
794
428
340
447
340
355
503
908
503
908
812
908
340
447
134
578
134
355
503
908
340
908
503
908
449
801
932
801
932
428
449
932
801
449
932
23
932
18
23
632
23
632
23
18
23
632
23
18
23
632
23
18
23
932
801
932
801
932
801
932
449
812
264
244
264
812
792
778
599
158
453
192
659
192
659
192
659
192
659
192
659
192
659
192
659
192
659
192
659
192
71
68
322
321
320
321
322
68
321
322
320
68
322
320
322
321
320
322
320
322
320
322
320
322
320
277
253
892
253
534
277
253
277
253
277
534
253
892
534
253
277
326
325
326
325
326
325
326
325
326
325
326
325
326
325
326
325
326
325
326
892
253
277
892
322
321
68
277
892
277
68
151
557
68
321
322
68
557
777
567
739
671
513
671
739
329
331
329
530
329
530
329
530
329
530
529
530
329
530
329
530
529
612
960
612
529
612
529
612
529
960
529
960
529
612
960
529
288
671
530
612
529
612
579
580
579
580
579
584
579
580
579
580
584
580
584
580
745
580
579
580
579
580
584
580
584
745
336
335
336
335
270
745
270
745
579
580
579
745
270
745
831
835
831
835
831
91
831
194
234
232
231
91
234
231
232
231
232
234
231
232
91
194
232
234
231
91
232
231
232
194
234
194
91
232
231
194
91
232
234
232
234
831
835
831
194
350
589
738
732
738
725
738
732
738
732
725
589
732
738
732
738
725
589
137
274
137
274
504
274
589
732
738
725
738
725
589
350
589
274
504
533
250
533
274
137
274
504
274
504
533
250
533
504
492
504
492
504
492
504
575
353
328
330
328
330
353
328
353
328
353
328
353
330
328
353
575
415
298
44
48
44
48
44
298
216
298
216
298
415
298
216
65
66
65
216
298
415
216
97
96
97
96
97
840
842
840
842
840
842
97
96
97
842
97
216
611
489
980
25
980
490
611
980
25
611
980
25
980
25
490
980
611
980
611
489
25
980
25
490
611
25
611
979
25
489
25
979
61
979
61
979
25
980
611
979
90
979
61
979
90
389
351
389
351
389
351
389
351
462
284
462
284
462
284
462
284
462
284
462
857
977
558
857
977
558
977
558
977
558
977
558
977
558
977
558
977
558
977
857
977
857
103
43
103
42
43
103
43
103
43
103
43
103
43
103
43
103
42
43
857
454
315
454
315
454
315
454
315
454
315
454
315
454
315
454
315
371
507
201
507
201
854
201
507
201
854
201
854
201
854
884
854
884
872
884
854
201
507
201
854
201
872
686
872
686
872
884
64
545
63
545
64
545
64
545
63
765
63
765
63
545
63
765
63
545
64
545
63
765
63
765
63
765
63
795
797
795
797
795
756
755
756
755
756
795
756
795
756
755
795
951
795
951
751
951
63
951
302
951
302
951
795
951
795
951
751
949
360
7
360
7
886
7
751
7
360
949
360
949
360
7
360
7
360
7
886
7
360
7
360
7
886
3
518
790
791
790
791
518
3
518
193
913
914
913
515
914
913
914
515
193
515
518
3
518
790
789
790
789
791
790
791
790
791
790
789
791
789
790
789
791
789
791
789
790
789
790
791
518
3
518
3
518
790
791
796
464
815
814
815
464
815
814
815
814
815
814
815
796
856
796
815
814
464
463
464
815
814
815
814
815
814
815
464
877
464
463
464
839
51
839
548
867
871
867
871
867
871
867
871
867
871
867
871
548
871
867
871
867
786
548
856
786
856
796
548
839
464
796
856
796
518
796
856
548
51
548
51
561
51
221
561
222
561
221
561
221
222
561
51
646
605
646
606
646
605
646
605
606
646
605
646
561
646
561
221
561
221
561
222
561
221
561
51
548
51
548
839
877
950
598
950
877
886
950
886
949
7
751
886
950
877
950
886
950
598
950
409
953
409
953
409
953
409
953
409
953
409
953
409
953
409
953
409
953
409
46
874
46
149
751
149
751
515
914
913
914
913
193
436
572
882
664
666
664
666
664
882
572
882
572
836
198
836
198
836
198
836
198
836
198
836
198
836
198
836
198
836
198
836
198
836
572
436
193
436
193
882
193
436
193
436
193
664
796
856
796
518
193
664
188
373
188
373
188
167
171
167
171
167
171
167
171
167
171
167
171
167
339
167
171
167
171
339
75
339
246
188
246
446
946
446
946
246
946
246
446
946
446
946
446
946
446
946
446
246
946
446
946
446
899
245
367
245
899
367
245
367
899
245
946
246
946
246
899
367
245
899
367
245
899
245
618
367
245
899
367
245
899
245
618
899
246
446
246
446
246
188
246
188
373
188
171
339
75
299
945
299
945
247
129
247
129
247
131
248
131
347
131
248
131
347
131
248
131
247
131
247
299
247
131
247
131
247
129
247
75
247
75
339
75
285
262
487
485
487
214
487
262
487
485
118
485
487
214
213
214
262
487
214
485
487
485
262
214
683
581
262
214
213
214
213
214
487
505
944
509
944
509
944
509
505
509
505
509
944
509
944
509
292
943
292
943
292
156
848
156
652
846
156
848
847
652
156
848
846
847
652
848
847
846
848
156
847
156
846
652
156
11
290
292
290
11
292
943
292
943
292
943
292
290
292
156
848
652
628
565
566
565
566
644
566
565
566
565
566
565
644
566
565
566
628
846
847
846
505
509
505
944
118
285
683
581
683
581
461
581
683
581
461
590
307
590
307
432
307
432
29
432
29
432
29
432
128
915
128
915
128
915
810
590
432
307
432
29
432
29
361
29
361
837
361
29
432
29
361
29
361
29
361
624
361
472
700
472
700
472
700
837
700
472
810
29
432
590
128
915
810
472
810
472
810
590
810
590
461
590
852
948
852
948
852
948
852
948
852
948
852
948
852
531
852
948
852
948
852
948
531
852
531
682
657
342
657
412
657
531
657
682
657
682
657
342
657
682
657
412
657
682
657
342
685
614
647
614
647
614
647
614
647
614
647
614
647
614
647
614
105
793
120
793
120
793
120
793
120
793
761
763
762
763
761
597
761
763
762
761
763
762
761
763
597
761
762
761
763
762
763
597
762
761
793
120
793
120
793
90
643
90
891
978
891
978
86
978
891
978
86
978
86
978
86
978
86
978
90
609
90
979
90
978
90
389
609
90
643
733
471
955
471
955
471
955
471
955
471
955
471
955
471
955
471
955
471
955
471
26
679
57
661
660
57
661
660
57
660
661
660
661
660
661
57
660
57
660
661
660
661
57
769
145
251
145
251
145
251
275
251
145
251
145
251
275
251
275
251
769
145
769
569
769
569
769
569
769
845
769
569
769
869
769
845
769
34
869
34
869
34
869
34
869
34
869
34
869
34
869
754
635
754
635
754
408
754
635
754
635
408
754
635
408
164
843
164
166
164
404
938
404
938
404
938
404
938
404
938
404
938
404
938
636
938
636
404
164
754
164
843
938
404
636
843
164
235
227
226
227
226
227
226
227
235
226
227
235
227
316
235
226
227
235
227
226
235
226
227
226
235
227
866
310
866
310
866
310
332
310
332
310
864
176
864
176
310
332
310
866
316
662
316
866
366
806
366
806
366
806
121
392
121
142
121
392
121
142
121
142
121
142
121
392
121
142
121
142
121
392
121
578
219
218
219
218
219
578
806
578
219
218
219
578
219
218
219
578
219
578
219
308
134
308
476
387
476
387
388
387
388
387
388
387
476
387
520
823
520
823
520
823
520
823
520
823
387
388
387
388
387
476
387
823
303
305
303
99
303
305
303
305
303
99
303
99
305
99
303
99
305
303
527
525
527
60
527
525
527
525
527
823
527
60
519
60
519
60
519
873
883
873
60
873
519
60
519
60
519
60
519
60
519
527
519
60
873
883
873
527
525
527
525
527
99
303
305
527
60
519
444
723
702
54
40
54
17
54
40
17
294
54
40
54
40
54
702
54
294
54
40
233
760
233
760
233
400
381
233
760
501
233
554
233
381
382
381
382
400
382
400
381
382
381
382
381
400
381
382
381
382
400
381
382
760
233
760
233
554
233
382
381
382
501
382
381
233
394
416
394
304
394
416
394
416
394
304
394
304
394
416
394
416
394
304
394
304
702
723
702
444
293
217
293
217
543
466
41
817
41
817
41
817
466
602
217
444
293
217
293
217
293
217
293
444
293
217
293
217
293
217
543
217
444
702
304
175
117
175
117
113
117
175
113
117
113
117
113
117
113
117
175
117
175
333
771
931
771
931
771
931
771
931
771
931
771
600
39
433
39
433
39
433
39
433
39
600
333
175
333
175
333
175
333
95
333
95
428
95
863
358
449
358
863
95
863
95
863
358
863
95
863
95
863
95
863
95
863
358
498
726
861
726
861
929
862
726
929
861
726
929
862
726
929
861
395
929
861
862
929
862
929
726
929
861
726
929
861
862
726
861
862
929
861
929
726
108
132
108
132
108
132
108
132
108
132
744
601
511
601
511
601
744
601
744
601
744
601
511
601
511
601
511
601
498
726
395
228
708
209
212
928
212
928
209
212
209
212
928
209
928
209
212
209
212
209
212
209
928
209
212
928
212
209
212
209
708
228
708
27
708
27
708
27
708
228
708
27
708
104
223
104
223
104
868
267
477
267
477
267
477
267
868
267
477
656
922
656
477
267
868
267
477
656
922
858
922
656
477
656
922
656
858
390
240
876
875
876
875
876
849
180
426
180
841
876
849
841
849
841
849
841
849
841
849
841
849
841
849
876
875
876
240
876
240
521
240
876
240
876
180
426
180
426
748
180
426
180
748
426
180
426
748
426
180
654
514
654
911
941
911
654
514
654
514
654
180
654
911
654
911
941
911
654
180
240
876
240
521
370
521
540
607
540
521
240
876
240
521
370
521
540
607
540
607
540
607
540
607
540
521
540
607
540
45
541
92
541
92
541
629
541
92
541
92
541
92
541
92
541
92
541
45
541
92
541
92
749
341
306
248
306
341
306
341
306
341
675
341
675
82
181
675
82
182
181
184
181
182
181
184
182
62
181
182
181
182
181
182
181
182
184
181
182
181
182
62
182
675
82
675
82
675
82
62
37
62
37
698
37
698
651
742
651
742
651
742
651
742
651
742
698
742
312
691
780
691
780
691
780
691
312
698
693
695
693
695
693
695
693
36
13
125
126
125
126
13
126
125
126
125
126
125
126
13
148
200
148
13
780
691
780
695
780
148
200
148
200
13
126
125
126
13
200
148
200
148
780
691
312
691
312
691
698
37
698
9
12
638
12
9
12
208
9
680
807
9
638
12
208
9
12
9
12
208
9
12
208
12
9
638
36
680
807
680
807
680
807
905
807
680
677
680
807
680
677
680
807
942
146
905
179
177
905
177
179
177
905
177
905
177
179
698
651
698
12
638
12
9
905
807
905
177
179
177
905
179
905
698
912
629
341
629
906
629
906
629
743
629
743
629
37
62
675
146
147
942
147
146
147
146
147
146
147
146
147
146
147
942
146
774
339
171
339
774
146
942
146
942
146
942
774
339
855
786
455
642
455
642
455
642
455
642
455
642
455
642
455
642
455
642
455
642
455
642
577
855
577
855
577
855
577
855
577
855
577
402
570
402
688
473
704
402
570
199
940
36
940
441
940
36
13
36
940
887
940
887
940
887
940
887
940
36
940
441
940
199
107
199
570
107
570
577
704
688
704
688
704
688
473
688
473
704
473
704
768
715
768
715
768
715
768
715
768
4
281
768
715
281
920
281
920
281
920
281
259
281
259
281
259
646
259
281
259
281
768
4
281
786
867
548
839
51
839
877
464
877
517
406
357
517
406
357
406
357
87
357
406
357
406
357
87
301
562
301
562
301
562
301
562
301
562
301
562
301
562
379
380
379
380
562
327
56
327
56
327
56
8
947
8
947
8
10
8
10
8
10
8
10
947
8
10
947
10
947
8
10
947
56
327
56
947
10
8
947
8
947
8
10
592
593
592
593
592
593
592
593
592
593
592
593
592
776
808
776
735
314
776
735
776
735
776
808
776
735
776
735
776
735
375
242
375
242
375
242
375
242
375
242
375
242
375
242
375
735
375
242
375
242
375
735
776
735
595
594
596
594
596
594
596
594
596
594
596
594
596
595
512
816
56
317
816
317
309
317
309
317
309
317
309
317
512
165
101
165
101
165
101
165
101
165
101
165
101
165
101
165
101
735
317
309
317
314
517
877
464
877
51
839
548
786
867
871
867
786
618
786
871
548
839
877
950
598
950
149
409
46
553
727
728
727
728
553
728
727
728
727
728
727
728
854
884
872
884
888
884
728
884
854
201
872
686
872
884
854
201
854
884
888
884
64
545
152
53
152
53
52
53
152
53
52
53
152
53
152
53
152
53
685
614
378
105
378
105
378
105
130
952
5
130
265
130
256
265
256
130
952
130
952
130
5
130
952
130
952
130
952
130
256
423
662
423
746
423
256
423
746
423
746
423
746
423
256
423
256
423
256
662
256
909
133
624
133
324
28
633
28
633
28
633
28
633
28
633
28
633
28
633
28
324
766
324
133
324
766
324
133
624
324
133
324
766
324
133
624
133
324
133
324
766
324
133
909
133
909
256
635
754
869
34
869
408
754
635
145
251
57
660
26
679
26
679
676
679
676
679
57
661
660
661
57
782
323
782
323
782
323
782
323
782
323
782
323
782
323
782
323
782
679
471
733
793
763
90
859
658
69
658
770
658
767
658
767
69
859
371
859
658
69
770
69
658
767
69
859
69
859
767
658
859
69
658
767
658
767
859
371
614
685
342
685
342
685
342
685
342
105
635
769
536
68
843
164
843
164
166
164
843
164
843
164
843
210
211
210
211
210
211
210
211
210
211
210
211
134
355
134
355
340
428
794
428
449
264
449
264
812
908
812
792
843
635
57
35
902
150
902
904
902
448
902
150
902
904
902
448
902
448
902
779
809
779
809
779
809
391
504
736
491
736
353
328
491
736
491
736
497
429
750
429
750
429
750
429
750
429
750
429
750
429
750
429
750
497
736
491
736
44
65
73
258
185
73
258
73
258
73
258
73
258
73
258
73
65
66
65
73
258
73
185
488
655
230
655
230
965
901
965
901
965
655
965
901
655
965
230
965
655
230
965
901
965
901
655
965
901
230
965
655
488
185
488
185
717
967
718
717
967
717
967
717
718
717
718
717
967
717
718
967
717
967
356
719
295
719
295
719
295
719
356
719
295
719
295
719
295
719
718
967
717
967
717
718
717
356
186
356
821
354
821
354
821
354
821
356
186
356
186
356
821
72
622
623
622
435
434
435
434
435
434
435
622
435
434
435
622
623
622
623
622
623
622
435
434
435
622
623
622
435
434
435
434
435
622
560
475
560
475
560
72
197
72
560
475
560
72
197
72
197
757
758
757
440
757
440
758
757
440
757
440
757
758
757
758
757
440
758
757
197
72
197
72
197
72
560
72
560
475
560
72
300
343
345
343
345
343
345
343
345
966
345
343
345
343
345
343
345
343
345
343
966
343
300
115
716
229
403
405
403
405
403
405
229
405
229
405
229
405
229
405
403
405
229
716
687
20
21
20
21
20
21
20
687
20
21
20
21
20
21
20
687
229
405
229
716
229
687
20
687
716
50
663
50
716
50
716
229
716
687
716
115
716
50
442
665
442
50
663
401
663
496
154
496
803
401
663
496
154
241
764
241
764
241
604
764
241
604
764
241
764
604
764
241
604
241
764
604
764
604
764
241
604
241
604
764
154
349
79
74
79
74
79
74
79
74
79
74
79
74
79
74
713
74
79
74
79
74
349
838
349
838
903
838
349
838
903
741
690
705
973
706
741
689
690
706
690
741
689
690
705
690
705
741
705
741
690
741
690
705
689
690
741
973
705
47
690
47
98
740
971
740
401
740
971
740
971
740
971
740
720
970
721
384
720
724
970
720
970
720
721
724
720
970
724
970
724
720
724
970
720
721
740
98
903
690
689
741
689
705
973
47
551
47
551
506
551
976
551
47
551
976
551
976
551
976
551
506
551
976
551
506
551
47
903
196
160
401
160
196
401
160
196
160
196
160
196
401
496
844
496
401
496
154
496
803
496
844
496
663
401
196
160
903
838
349
74
349
838
903
401
50
663
50
442
119
442
438
442
665
442
665
119
665
49
681
678
681
49
681
678
681
678
681
678
681
49
681
678
681
678
681
678
681
678
681
49
19
24
19
24
19
24
19
24
19
24
19
24
19
24
19
24
19
272
268
964
268
964
787
964
15
272
964
787
964
787
964
268
964
15
964
268
964
787
15
272
49
665
442
665
442
665
49
665
442
438
442
50
716
50
384
969
830
829
969
830
969
14
16
31
16
31
14
31
16
969
829
969
828
969
829
969
31
14
31
14
31
14
16
969
830
829
969
828
969
830
829
969
828
31
14
31
16
14
31
14
16
31
747
544
747
544
526
544
747
544
526
544
526
544
747
544
526
544
526
544
747
78
81
78
81
78
81
78
81
78
81
78
747
544
526
544
747
78
747
78
747
78
81
78
747
918
968
80
898
918
80
968
80
918
968
898
968
918
898
80
918
249
918
968
80
968
80
968
898
80
898
918
898
918
80
968
80
968
80
898
968
898
968
918
249
143
273
143
273
249
143
273
249
143
273
249
918
80
918
249
273
143
249
143
249
273
143
273
143
273
249
273
143
273
249
555
138
141
138
141
138
555
556
555
556
555
138
555
138
141
138
555
556
555
556
15
964
268
15
263
962
344
346
344
962
344
962
344
962
344
346
344
962
344
962
344
346
344
962
344
962
397
470
818
470
397
470
820
818
470
818
820
470
818
470
818
820
470
818
470
820
470
818
383
552
452
383
397
781
959
781
959
811
959
781
959
811
781
811
781
811
959
811
781
959
811
959
811
959
811
397
781
397
962
397
959
781
959
781
959
781
397
825
826
825
826
825
889
825
889
825
397
286
895
422
513
671
552
895
348
895
348
895
422
895
348
895
422
286
895
422
286
422
286
422
567
67
195
799
195
799
195
799
195
799
195
799
195
799
195
799
195
799
195
67
670
67
195
67
567
568
567
195
567
568
567
568
567
799
567
568
567
422
895
348
895
422
286
524
522
524
522
546
524
522
524
522
546
524
522
524
546
524
546
524
546
522
524
522
524
522
386
907
386
641
956
788
386
385
641
386
788
385
956
641
788
386
641
385
641
956
907
851
956
386
907
851
907
386
641
788
641
907
215
907
851
639
318
319
318
639
318
851
319
639
318
319
639
319
639
851
907
851
907
956
788
385
907
639
318
639
318
851
639
319
639
851
215
122
123
122
123
122
215
430
215
122
123
122
215
122
123
122
215
585
376
585
376
585
376
585
376
585
376
585
376
585
376
585
123
122
376
585
122
123
122
376
585
337
484
613
337
608
106
337
608
337
608
337
106
337
484
613
484
486
484
613
484
486
484
359
484
486
484
486
484
486
484
486
484
613
670
613
670
613
670
613
670
613
670
613
359
58
359
58
359
58
359
58
359
266
297
266
359
266
297
266
297
266
297
266
359
58
359
266
362
414
363
362
414
363
362
414
362
414
362
363
414
363
414
362
937
413
937
413
937
413
937
413
937
413
937
413
937
363
937
362
363
362
414
236
169
170
169
170
169
170
169
170
169
170
169
236
500
236
752
537
752
537
260
537
752
260
752
260
752
260
537
752
260
752
537
236
260
752
260
282
753
282
753
282
893
282
893
753
893
753
893
753
893
753
282
753
893
753
282
753
282
893
753
260
752
260
236
169
236
500
499
500
499
236
169
236
239
535
174
954
174
954
174
954
174
954
174
954
174
954
174
535
6
535
6
535
6
535
6
535
239
535
6
535
239
535
619
617
620
619
621
619
621
620
619
620
619
620
619
621
535
174
535
239
236
500
619
620
619
621
617
620
621
853
819
853
819
853
819
853
819
853
819
173
640
957
352
173
957
173
957
172
957
173
172
617
619
621
617
619
620
819
853
819
853
819
172
173
172
173
957
172
352
173
957
172
957
173
172
957
640
94
93
94
93
94
93
94
93
94
93
94
93
94
84
85
84
85
542
85
648
542
648
542
648
542
85
542
648
645
648
645
648
542
648
669
468
469
669
468
89
469
669
89
523
669
469
468
669
468
669
468
669
468
469
89
669
469
89
483
648
523
469
483
648
59
55
59
55
648
669
469
89
468
523
669
648
109
110
109
110
109
110
109
110
109
110
109
110
109
110
722
822
963
822
963
822
963
822
722
110
722
865
224
207
224
207
83
865
207
83
207
865
207
83
207
865
224
83
224
83
224
865
207
83
207
83
207
224
865
263
15
555
15
263
15
555
138
865
83
865
15
263
15
865
207
865
894
958
616
958
616
958
616
958
894
958
894
958
616
958
616
958
616
958
616
958
894
890
813
890
813
890
813
890
813
890
851
639
890
397
811
890
958
890
851
907
851
215
430
215
122
215
286
422
67
670
697
204
205
206
276
697
243
697
206
205
206
205
206
697
458
697
205
206
205
204
205
204
205
206
205
204
206
204
206
204
697
696
697
696
697
243
697
458
697
696
697
206
870
699
870
699
870
910
870
910
870
910
870
699
870
910
870
699
372
398
372
398
372
398
372
398
372
398
372
398
372
398
372
398
252
729
252
729
252
729
252
729
734
729
734
729
252
729
734
729
157
701
603
625
701
157
159
157
625
159
701
603
625
157
701
157
603
701
625
157
701
603
157
603
159
157
625
159
603
625
157
625
159
157
625
701
289
532
135
532
135
532
135
588
431
532
135
532
276
243
777
567
513
671
550
513
550
516
513
550
513
550
513
516
513
550
513
550
671
513
550
513
550
671
674
667
672
667
674
784
674
672
674
784
674
672
674
667
672
674
667
784
163
49
272
163
784
674
672
674
784
671
739
671
552
452
552
348
895
552
452
383
552
452
552
452
552
452
552
452
552
383
452
383
552
452
674
784
288
671
739
671
530
329
739
329
331
329
530
745
451
917
451
917
451
917
451
917
451
831
745
335
334
338
334
335
336
334
336
335
334
335
334
336
334
335
336
334
336
334
336
745
831
835
831
745
270
745
270
336
334
336
338
442
50
663
496
22
649
22
714
22
712
22
712
713
712
714
713
712
714
713
22
713
712
713
712
713
712
713
712
591
22
591
22
586
591
586
591
586
587
591
587
591
22
478
480
22
610
479
610
479
136
610
479
610
136
610
975
479
610
136
479
610
479
610
975
479
610
479
478
480
22
649
974
33
974
32
33
649
32
974
32
649
33
649
33
32
33
649
881
38
410
38
481
38
481
38
881
407
881
38
881
396
410
481
798
502
798
502
850
502
850
502
798
502
798
481
798
502
798
502
481
798
481
38
410
528
396
410
481
38
410
528
410
528
410
396
410
798
502
798
410
396
410
528
410
38
881
33
32
649
881
407
881
32
881
407
881
38
881
38
481
502
22
897
283
897
283
897
283
897
283
897
283
897
283
897
283
897
838
897
261
539
261
539
261
539
261
897
283
897
838
903
401
496
401
98
287
972
287
972
287
972
287
972
287
972
747
802
737
802
737
802
737
802
737
802
737
802
737
802
737
802
737
802
737
802
737
249
138
865
215
430
215
413
937
890
85
84
85
93
85
94
957
172
621
500
499
500
172
173
957
172
15
784
833
832
833
832
834
833
834
833
834
833
834
833
834
833
834
833
965
185
73
185
258
73
258
185
65
415
800
445
961
445
961
445
961
445
961
445
961
445
800
445
800
445
961
445
415
445
961
445
800
415
391
35
280
630
280
630
280
630
296
630
280
296
630
280
630
280
630
280
630
536
280
536
257
536
257
536
257
536
257
536
257
536
257
536
892
277
892
253
68
827
843
754
635
26
679
26
660
635
869
320
68
563
134
133
361
837
472
810
915
810
472
810
461
572
751
874
46
874
46
874
46
874
46
709
46
709
46
735
314
406
877
796
339
75
285
292
749
92
629
912
629
912
312
691
780
148
13
199
577
855
339
577
855
339
292
466
602
217
293
444
293
444
600
333
175
333
399
183
399
140
139
930
140
930
140
139
930
399
139
140
930
140
930
139
140
930
140
139
140
930
139
140
139
183
104
868
144
313
311
313
707
673
144
313
311
313
707
313
707
313
395
313
395
313
311
313
615
144
450
88
450
88
450
88
450
162
161
450
162
161
162
161
162
161
162
161
162
161
162
161
162
161
162
88
450
785
923
467
923
467
923
711
923
467
923
467
923
785
711
710
711
710
711
710
711
710
711
710
711
923
467
923
467
923
785
923
710
711
939
783
939
783
939
783
939
783
939
783
939
783
939
783
939
783
939
858
656
477
267
785
939
783
939
785
858
521
540
607
540
521
240
390
858
868
144
668
673
668
673
144
673
668
673
668
673
668
673
144
615
313
615
144
868
144
673
879
155
896
538
255
627
574
627
393
237
238
393
237
238
393
155
358
95
863
358
863
358
449
340
134
105
733
415
298
415
979
61
979
415
298
415
800
415
298
216
44
65
185
528
185
459
396
459
185
65
185
356
716
687
335
338
49
784
276
703
547
601
726
858
629
780
200
148
200
148
200
148
200
148
13
698
466
600
