x
1
2
111
880
878
684
879
153
155
291
374
508
549
279
896
417
178
418
191
187
637
653
919
926
411
377
419
900
30
70
631
634
650
924
730
731
925
254
278
927
921
237
238
393
255
538
627
420
421
759
574
573
460
443
547
102
532
100
933
424
271
289
701
157
159
625
603
885
474
482
692
124
703
775
453
158
571
368
916
112
114
116
168
812
908
503
355
447
340
76
77
792
437
439
935
778
804
805
827
824
559
563
564
626
936
599
127
192
659
190
369
203
225
860
220
365
493
495
494
243
458
696
697
204
205
206
910
870
699
372
398
252
729
734
893
282
753
260
537
752
236
169
170
413
937
362
363
414
266
276
269
694
364
425
934
510
135
427
431
588
576
582
583
457
773
456
772
358
863
95
333
771
931
600
39
433
501
381
382
400
233
554
760
416
394
304
883
873
60
519
525
527
823
303
305
99
520
387
388
476
308
218
219
578
176
864
310
332
316
866
210
211
134
121
142
392
366
806
837
700
472
810
915
128
432
307
590
29
361
624
28
633
324
766
133
909
256
5
952
130
265
423
746
662
226
227
235
164
166
408
404
636
938
843
754
635
869
34
769
845
569
145
251
275
660
661
57
26
471
955
676
679
782
323
391
779
809
589
137
274
250
533
492
504
575
328
330
353
44
48
491
736
497
429
750
451
917
403
405
229
20
21
687
115
716
343
345
50
442
438
119
665
678
681
49
19
24
272
163
268
787
964
15
555
556
138
141
963
822
722
109
110
483
89
468
469
523
669
55
59
542
645
648
84
85
93
94
172
173
957
352
640
819
853
500
499
239
6
535
174
954
617
619
621
620
851
318
319
958
616
894
813
890
639
907
385
956
386
788
641
430
215
122
123
376
585
106
337
608
484
486
58
359
297
613
670
67
195
799
567
568
513
516
550
671
288
529
612
960
579
580
584
745
270
334
335
338
336
831
835
231
232
234
91
194
725
732
738
350
902
904
448
150
35
296
280
630
257
536
253
277
326
325
534
892
320
321
322
68
151
71
202
465
777
557
739
329
331
530
667
672
674
784
452
383
818
820
895
348
422
546
522
524
286
552
470
397
962
344
346
825
826
889
781
811
959
263
865
83
207
224
143
273
249
918
80
898
968
78
81
747
526
544
737
802
14
16
31
828
829
830
969
384
720
721
724
970
740
971
972
287
506
551
976
47
689
690
973
705
741
706
903
98
401
160
196
803
496
844
79
74
349
838
283
897
261
539
714
712
713
22
586
587
591
478
480
136
479
975
610
974
32
33
649
481
38
410
528
459
396
407
881
798
502
850
241
604
764
154
663
966
440
757
300
758
197
72
560
475
622
623
434
435
821
354
356
186
717
718
967
832
833
834
295
719
488
230
655
901
965
185
258
73
65
66
298
415
800
445
961
216
96
97
840
842
25
489
490
611
980
61
979
609
69
658
767
770
859
389
351
284
857
42
43
103
685
614
647
120
793
105
378
761
762
763
597
643
733
891
86
978
90
462
558
977
371
454
315
507
201
854
884
64
545
63
765
302
951
795
797
755
756
436
193
913
914
515
518
3
886
7
360
949
751
149
953
409
598
950
877
463
814
815
789
790
796
791
882
664
666
572
836
198
852
948
531
682
412
657
342
152
52
53
686
872
888
727
728
553
874
46
709
242
375
735
776
808
592
593
314
309
317
10
8
947
56
327
816
594
596
595
512
165
101
517
406
87
357
301
562
379
380
605
606
646
221
222
561
51
839
464
548
867
871
856
786
455
642
577
402
855
774
146
942
147
905
177
179
677
9
12
208
638
698
651
742
312
691
912
629
906
743
306
675
82
181
182
184
62
37
693
695
780
148
200
13
125
126
887
36
680
807
940
441
199
107
570
473
688
704
715
768
4
281
920
259
618
245
367
899
446
946
246
167
171
339
188
373
461
581
683
262
485
487
943
292
11
290
156
652
846
847
848
644
565
566
628
505
509
944
118
213
214
285
299
945
75
129
247
131
347
248
341
749
92
541
45
540
607
370
521
783
939
710
711
467
923
785
267
477
656
922
858
390
240
875
876
841
849
180
426
748
654
514
911
941
466
602
41
817
543
217
293
444
723
17
40
702
54
294
175
113
117
794
428
801
932
632
18
23
449
264
189
244
498
601
744
511
132
108
726
861
862
929
395
228
209
212
928
708
27
104
223
868
450
88
161
162
144
615
399
139
140
930
183
311
313
707
668
673
