x
111
1
111
1
111
1
2
111
1
111
2
1
111
1
111
2
111
1
111
1
2
1
111
2
879
878
879
684
879
684
879
684
879
878
880
878
684
879
684
879
878
880
878
880
878
880
878
684
879
878
879
684
879
878
1
111
155
153
155
374
155
374
291
508
374
549
374
549
374
549
508
291
374
155
153
155
153
155
549
508
549
155
896
155
153
155
508
549
155
508
291
508
291
374
291
155
896
279
896
279
896
279
896
279
896
279
896
279
896
417
191
418
417
178
417
178
191
417
191
417
191
418
417
191
919
653
187
637
187
637
653
926
919
926
637
187
926
187
653
926
187
926
637
919
637
187
926
919
187
926
653
926
411
900
377
900
377
900
419
900
419
900
377
900
377
900
419
900
411
187
653
187
926
919
187
926
637
900
419
900
411
631
70
634
30
631
924
631
30
634
924
30
924
30
70
30
650
631
634
924
30
634
631
634
924
634
924
650
30
924
634
924
631
924
650
30
631
254
731
730
731
730
731
730
731
730
731
730
731
730
731
921
927
278
927
278
927
278
927
278
927
921
927
921
731
254
925
254
925
254
925
254
925
254
925
254
731
927
278
927
278
927
921
393
237
393
238
393
238
237
238
393
238
237
393
237
238
393
237
393
238
237
238
393
237
238
393
237
238
237
238
393
237
238
237
393
255
538
255
538
255
538
255
538
255
538
627
759
421
759
421
420
759
421
759
421
759
421
420
759
420
759
421
759
421
759
421
759
627
460
574
573
574
573
574
627
460
547
102
547
443
547
102
532
510
532
135
532
135
532
510
532
135
532
510
532
135
532
135
532
510
100
933
425
364
933
100
933
100
933
100
933
100
933
100
933
100
933
100
933
100
934
271
364
425
271
424
271
364
271
425
364
424
364
424
425
271
425
271
425
271
425
364
271
425
934
271
425
364
424
364
289
701
157
701
157
603
157
625
157
159
157
625
603
157
159
157
603
625
603
701
159
625
159
157
625
701
289
701
159
625
603
625
157
603
625
157
701
289
701
289
482
885
474
885
474
885
474
885
474
885
474
885
474
885
474
885
474
885
474
885
474
482
692
124
692
694
692
694
692
124
703
124
703
114
116
114
112
116
114
112
114
116
114
916
368
168
189
168
189
168
189
168
189
168
189
168
189
168
189
168
812
76
812
908
340
428
340
428
340
447
340
908
812
908
812
908
503
355
503
355
340
355
503
908
812
908
812
908
812
908
812
908
503
355
503
355
503
355
503
355
340
355
908
503
355
503
908
812
76
792
76
77
76
77
76
77
76
77
76
812
792
437
792
76
77
76
792
935
792
439
437
792
439
792
439
792
439
792
439
778
599
778
599
778
599
778
599
778
599
778
599
778
599
778
599
778
599
778
792
439
935
804
68
71
151
68
71
68
151
71
151
68
151
68
71
151
71
151
68
151
68
151
71
151
68
71
151
71
151
202
220
225
860
225
220
202
860
225
220
202
220
225
860
202
860
225
202
465
777
465
777
465
777
557
777
465
777
465
777
494
495
494
493
494
495
493
365
494
493
494
365
494
777
465
777
557
739
329
530
329
530
329
530
739
530
329
530
739
329
331
329
530
739
530
329
530
329
530
329
739
329
331
530
674
672
674
672
674
784
674
672
674
667
674
667
674
672
674
667
672
784
745
584
580
579
584
579
580
579
580
745
580
579
580
579
580
579
584
580
579
580
584
580
579
580
584
579
580
745
784
745
270
745
784
452
552
383
818
820
818
470
397
470
397
470
383
552
452
552
895
348
895
422
286
422
895
348
895
348
895
286
422
286
422
286
895
348
895
348
895
422
286
422
895
422
286
422
524
522
524
522
524
522
524
546
524
546
522
546
524
546
522
524
522
524
522
524
522
546
524
422
895
552
452
552
452
552
452
552
452
383
552
470
397
383
552
452
552
452
552
452
383
820
818
470
397
962
397
470
397
962
344
962
397
962
344
962
344
346
344
346
344
962
397
470
818
470
818
820
818
820
818
470
397
962
344
962
344
346
344
825
889
825
344
962
344
825
889
825
826
825
826
811
959
811
959
811
781
959
811
781
811
959
811
781
959
781
811
959
781
811
781
959
781
959
781
959
781
811
959
781
959
263
15
964
15
263
15
263
865
207
83
207
224
865
207
224
207
83
224
865
83
224
207
865
207
865
207
865
207
83
207
865
207
83
865
83
224
865
83
865
224
83
865
273
249
143
249
143
273
143
249
273
249
273
249
143
273
143
249
273
249
273
249
143
273
143
273
143
249
273
249
143
249
918
80
968
898
918
80
968
898
80
968
918
80
898
968
80
968
918
80
898
968
898
968
80
968
80
918
968
80
898
918
898
968
918
80
918
968
918
898
918
80
918
78
747
78
81
78
81
78
747
81
78
747
78
81
78
81
78
747
544
526
544
526
544
526
544
747
526
544
526
544
747
544
747
544
526
747
78
81
78
747
544
747
544
747
544
737
802
737
802
737
802
737
802
737
802
737
802
737
802
737
802
737
802
737
802
31
14
31
14
16
31
16
14
31
16
14
31
14
31
14
31
16
14
16
31
16
31
14
31
969
830
969
830
969
830
969
828
969
384
829
969
829
828
969
828
969
830
829
969
829
969
829
969
384
721
720
724
970
720
970
720
721
970
724
720
724
970
724
721
720
970
724
720
970
720
740
401
740
971
740
971
740
971
740
98
47
287
972
287
972
287
972
287
972
287
972
551
976
551
47
551
976
551
976
551
506
551
976
551
506
47
551
976
551
506
551
47
551
47
903
838
261
897
283
897
283
897
283
897
283
897
539
897
283
897
283
897
283
897
283
897
261
539
261
539
261
897
22
712
713
22
712
22
712
713
22
591
586
591
22
713
22
714
712
713
22
712
713
22
713
712
714
713
712
714
712
22
713
22
591
22
591
587
586
591
587
591
586
478
480
478
480
610
136
610
479
610
479
610
479
136
610
479
610
479
610
479
610
479
136
975
610
479
975
649
974
32
33
649
32
974
32
33
649
32
33
649
33
649
33
32
649
974
33
32
649
881
407
881
407
881
38
881
38
481
38
881
38
881
38
881
38
881
38
481
798
410
528
410
396
410
528
410
396
459
396
410
528
410
396
459
396
410
528
410
528
410
481
410
481
410
481
38
881
407
881
38
481
502
798
502
798
481
38
481
798
502
798
502
850
502
798
502
798
502
798
502
798
502
850
764
241
764
604
241
764
241
604
764
241
604
764
241
604
241
764
604
764
241
604
241
764
241
604
764
604
764
154
663
50
440
757
758
440
757
758
757
440
758
757
440
757
440
757
758
757
758
757
300
833
300
757
197
72
197
72
197
72
197
72
560
72
560
72
197
72
560
475
560
475
560
475
560
475
560
72
197
72
560
72
622
434
435
434
435
622
623
622
435
434
435
434
435
622
623
622
623
622
623
622
435
622
623
622
435
434
435
434
435
434
435
622
435
821
354
356
821
354
821
356
186
356
821
354
356
186
356
186
356
821
356
717
967
718
717
967
718
967
717
967
717
967
717
718
967
717
967
718
717
967
717
718
717
719
295
833
834
833
832
834
833
834
833
832
833
834
833
834
833
834
295
719
295
719
295
719
295
719
295
719
718
717
719
356
719
717
488
965
230
655
965
901
965
655
230
965
230
901
488
965
655
965
901
965
655
230
965
901
230
901
965
655
901
655
965
655
965
488
185
65
44
48
44
65
66
65
44
298
216
97
96
97
96
97
96
97
216
298
415
298
415
298
216
298
415
800
415
298
216
298
415
445
961
445
415
800
445
961
445
961
445
961
445
415
961
445
415
800
445
961
445
961
445
415
800
415
445
800
415
298
216
298
216
97
842
840
842
840
842
840
842
97
216
980
490
25
980
490
611
25
611
980
611
980
25
489
980
490
25
611
25
980
611
25
611
980
489
611
980
25
489
25
611
25
980
25
979
61
979
90
979
90
978
86
978
86
978
891
978
86
978
643
891
978
86
978
891
978
86
978
90
389
90
979
90
979
61
979
609
859
658
770
859
69
658
69
770
69
658
69
767
859
69
859
658
767
658
767
658
69
767
859
658
767
658
859
767
69
658
859
389
351
389
351
389
351
389
351
462
284
43
103
43
103
43
103
43
103
43
103
42
103
43
103
43
103
42
43
685
614
647
614
647
614
685
53
686
872
686
872
854
728
727
728
727
728
727
728
727
728
553
884
872
884
872
884
872
884
872
686
872
64
884
888
884
854
201
854
884
888
884
64
545
63
545
64
884
728
727
728
553
874
46
874
46
409
46
874
46
953
409
953
409
953
409
953
409
953
409
953
409
953
409
46
874
46
409
886
950
598
950
886
950
886
949
7
360
949
7
360
7
949
7
360
7
360
7
949
7
360
7
360
7
360
7
360
7
360
751
515
518
193
518
3
518
193
518
193
436
193
913
914
913
914
913
914
913
914
913
914
515
751
515
751
515
751
951
795
951
795
797
795
951
755
756
795
951
795
951
302
951
795
797
795
756
755
756
755
756
795
756
436
572
882
664
666
664
666
664
882
572
882
572
882
664
193
518
193
518
3
518
3
518
3
518
3
886
950
886
950
886
950
886
950
598
950
598
950
877
464
877
464
815
814
815
796
789
791
790
789
796
815
814
815
814
815
814
815
814
815
814
815
814
796
815
796
790
791
790
791
790
791
790
791
789
791
789
790
791
790
789
796
790
796
791
790
791
789
796
815
814
815
796
790
789
796
664
796
789
791
790
518
193
436
193
436
193
436
572
836
198
836
572
836
198
836
198
836
198
836
198
836
198
836
198
836
198
836
198
836
198
531
948
852
948
852
531
852
948
852
948
531
852
948
852
531
852
948
852
948
852
948
852
948
852
682
657
682
657
342
682
657
412
657
412
657
682
657
342
152
53
152
53
152
53
152
52
53
152
53
152
53
52
53
342
685
342
657
682
657
342
657
342
657
342
685
614
647
614
647
614
647
614
647
614
647
614
685
614
685
105
793
120
793
120
793
120
793
761
763
761
763
761
793
120
793
120
793
120
793
105
378
105
378
105
378
105
793
105
763
761
763
762
761
763
762
763
597
762
763
762
761
763
762
597
761
762
761
597
733
643
90
979
61
979
90
979
61
979
90
609
90
462
284
462
284
462
284
462
90
284
462
857
977
558
977
558
977
558
371
558
371
558
857
977
857
977
558
977
857
977
857
977
558
977
558
977
371
454
315
454
315
454
315
454
315
454
315
454
315
454
315
454
315
507
201
854
201
854
884
854
201
507
201
507
201
854
201
854
201
854
201
854
201
507
201
854
884
64
545
64
545
63
765
63
765
63
545
63
765
63
765
63
545
63
765
63
545
63
545
63
765
795
951
302
951
751
149
751
149
751
149
409
953
409
953
46
874
46
709
46
709
242
375
242
375
242
375
242
375
242
375
242
375
242
375
242
375
242
375
735
776
735
101
165
101
735
776
735
776
808
776
735
375
735
776
735
375
735
776
735
776
735
776
808
776
592
593
592
593
592
593
314
592
593
592
593
592
314
592
593
317
56
327
56
317
309
317
309
317
309
317
309
317
309
317
947
8
947
10
8
10
8
10
8
10
947
8
10
8
10
947
10
8
947
8
947
10
947
8
10
947
8
947
8
56
327
56
327
56
327
56
317
816
594
596
594
596
594
596
594
596
594
596
594
596
595
512
816
512
165
595
165
101
165
101
165
101
165
101
165
101
165
101
735
314
517
406
517
406
357
406
357
406
357
406
357
406
357
87
357
87
301
562
379
380
379
380
562
646
605
646
605
646
605
646
606
646
606
646
605
646
222
561
222
561
221
561
222
561
221
561
221
561
221
561
221
561
51
561
301
562
301
562
301
562
301
562
301
562
301
562
646
561
221
561
51
839
877
839
51
839
51
839
51
839
51
839
51
839
464
877
517
877
464
877
464
877
464
463
464
463
464
877
464
877
464
877
51
839
51
548
856
548
856
867
548
867
871
548
856
548
856
548
786
618
786
548
856
548
856
548
867
871
867
871
867
871
867
871
867
871
867
871
867
871
786
618
786
548
871
867
548
786
618
367
245
899
245
899
245
899
367
899
245
367
899
367
245
367
245
899
245
367
245
899
245
899
245
367
899
446
946
446
246
188
373
188
246
946
446
946
446
246
188
246
946
246
446
946
246
446
946
446
946
446
946
246
946
446
946
246
446
946
446
246
188
373
188
167
339
167
171
167
171
339
171
339
167
339
171
167
171
339
171
339
171
339
171
339
167
171
167
339
167
339
171
167
339
246
188
246
188
373
461
590
432
590
307
590
432
29
361
29
361
29
361
29
432
307
590
461
590
432
590
432
307
432
590
461
581
683
581
683
581
461
581
683
581
683
262
214
487
214
213
214
262
214
213
214
262
285
262
214
487
485
487
485
487
485
487
214
213
214
487
485
487
485
487
292
11
290
292
131
292
118
292
943
292
943
292
11
290
292
943
292
943
292
131
248
131
247
75
247
75
247
131
247
129
247
75
247
131
248
131
247
75
247
129
247
131
248
131
347
292
943
292
290
156
846
652
848
847
846
848
847
848
156
847
652
848
156
848
846
652
156
652
156
847
156
846
156
846
156
652
847
846
848
628
644
566
565
566
565
566
565
566
565
566
565
566
565
566
644
628
944
509
944
509
944
509
505
509
944
509
505
509
505
944
509
944
505
509
505
118
285
262
285
75
299
945
299
945
299
75
129
247
131
248
347
341
749
92
541
92
541
92
541
92
541
92
541
92
541
92
749
92
541
92
541
45
541
629
743
629
912
629
906
629
37
912
629
912
629
675
82
675
82
675
82
675
82
675
82
675
181
182
184
181
182
62
37
62
182
181
182
181
182
181
182
181
182
181
675
181
184
182
181
184
181
182
62
37
693
695
693
695
693
695
693
695
780
148
13
126
125
126
125
126
13
125
13
126
125
126
13
126
125
126
13
148
13
148
200
148
200
148
200
148
200
148
200
148
200
148
200
148
200
148
200
13
126
13
125
13
36
940
199
940
441
940
887
36
680
807
680
677
680
807
680
807
680
677
680
807
680
807
905
807
36
887
36
940
199
940
199
940
36
940
36
940
887
940
887
940
441
199
107
570
473
704
688
704
688
704
688
473
704
688
704
473
704
688
473
4
768
281
259
281
259
281
920
281
920
281
920
281
259
281
768
715
768
715
768
715
768
715
768
715
281
259
281
4
768
281
259
786
871
867
786
455
642
455
642
455
642
455
642
455
642
455
642
455
642
455
642
455
642
455
642
855
577
855
577
855
774
577
855
577
855
577
855
577
855
774
577
855
577
402
570
107
570
402
570
402
577
774
146
147
146
942
146
942
146
147
146
147
146
147
146
942
147
942
146
147
146
942
146
147
942
146
905
179
177
179
177
905
179
905
177
905
177
905
177
905
179
177
179
905
807
680
807
905
177
9
12
208
12
9
638
208
12
208
12
9
12
9
638
12
9
12
9
12
638
9
12
9
638
12
208
9
698
742
698
651
742
698
742
651
742
698
651
742
698
651
312
651
312
742
698
312
698
651
312
698
37
698
312
691
780
691
780
691
780
691
780
691
780
691
780
691
780
691
780
691
698
37
62
182
62
629
743
629
341
306
341
306
341
306
341
306
341
629
906
629
541
92
541
45
540
521
240
876
849
841
849
841
849
841
849
841
849
841
849
841
849
876
240
876
240
876
841
849
180
876
240
876
875
876
240
876
875
876
875
240
876
240
521
370
521
240
521
240
521
540
607
540
521
540
607
540
607
540
607
540
607
540
521
370
521
540
607
540
607
540
521
939
710
711
710
711
710
711
785
711
710
711
710
711
939
783
939
783
939
783
939
783
939
783
939
783
939
783
939
783
939
783
939
711
710
711
923
467
923
785
923
785
923
467
923
467
923
467
923
467
923
467
923
785
923
785
267
477
267
477
267
477
267
477
267
477
267
477
267
868
144
88
450
868
477
868
267
477
656
858
390
858
656
922
656
922
656
922
858
656
922
858
656
858
656
858
390
240
876
180
426
180
426
180
748
180
426
180
748
180
426
748
426
180
426
180
426
180
654
514
654
911
654
911
941
911
941
911
654
466
911
654
514
654
514
654
466
654
466
602
466
817
41
817
41
817
41
602
217
293
444
217
543
217
293
444
217
293
444
293
217
543
217
293
217
444
293
217
293
217
293
444
293
217
293
217
444
293
444
723
702
723
702
54
40
54
294
54
40
17
54
702
54
17
40
702
54
40
394
175
113
175
333
95
333
95
333
771
931
771
931
771
931
771
931
771
600
771
931
600
39
433
39
433
39
433
39
433
39
600
501
600
501
381
382
381
400
381
382
381
382
400
381
233
760
233
382
381
382
381
382
381
382
381
400
381
382
400
382
400
233
554
233
760
382
381
382
233
760
233
54
40
54
233
554
233
760
233
760
233
294
702
304
394
304
416
394
304
394
416
394
416
394
304
394
416
394
416
394
304
394
304
883
873
60
519
60
519
60
519
60
873
883
873
519
60
519
60
519
873
60
519
60
519
60
519
527
823
527
99
303
99
303
305
303
99
305
303
305
303
99
305
303
305
303
305
303
99
303
99
823
527
823
520
387
388
387
520
823
520
823
527
525
527
525
527
60
519
60
873
527
525
527
525
527
525
527
823
527
823
520
387
388
387
388
387
476
387
388
387
388
387
476
520
387
476
387
476
308
134
219
121
392
121
392
121
392
121
142
121
142
121
142
121
142
219
134
578
134
219
218
219
218
219
218
219
218
219
578
219
134
578
219
578
134
578
134
578
134
308
134
578
176
864
176
864
310
866
310
332
310
332
310
866
316
662
316
866
310
332
310
866
316
662
866
310
210
211
210
211
210
211
210
211
210
211
210
211
134
121
142
121
142
121
392
121
806
366
806
366
806
366
806
837
700
837
700
472
700
837
700
472
810
472
810
472
810
915
128
915
810
472
810
472
810
472
810
472
810
128
915
128
915
810
915
128
432
307
432
29
361
29
432
29
361
29
361
29
432
29
361
29
361
624
133
324
28
324
766
324
133
909
133
909
133
624
133
324
766
324
766
324
633
28
633
28
633
28
633
28
633
28
633
28
633
28
133
324
133
324
133
324
624
133
324
766
324
133
624
133
909
256
265
130
256
130
952
5
130
952
130
952
130
952
130
952
130
265
256
423
746
423
746
423
256
423
256
423
746
423
256
130
5
130
952
130
256
423
256
423
746
423
256
662
227
235
227
226
227
235
227
226
235
226
235
227
235
226
227
226
227
235
226
227
226
227
235
227
226
164
843
164
843
408
635
408
635
754
635
408
938
404
938
404
938
404
938
404
636
404
938
404
636
404
938
404
938
636
938
404
938
843
164
843
164
843
164
166
164
843
164
843
164
843
164
843
164
166
164
843
408
635
145
769
569
769
569
769
145
251
145
251
275
251
769
569
769
569
769
845
769
845
769
145
251
145
251
769
869
34
869
34
869
34
869
754
635
754
635
754
869
754
635
754
635
754
635
869
34
869
34
869
34
869
34
869
754
635
754
635
754
869
34
769
145
251
275
251
275
251
145
769
251
57
661
57
660
57
660
661
660
57
661
660
661
660
57
661
660
57
660
57
660
661
57
661
660
661
660
57
660
661
57
782
679
676
679
676
679
26
679
26
679
26
471
955
471
955
471
955
471
955
471
955
471
733
471
955
471
955
471
955
471
955
471
733
26
679
26
679
782
323
782
323
782
323
782
323
782
323
782
323
782
323
782
323
391
504
575
504
274
589
809
779
809
779
809
779
274
533
250
533
250
533
504
492
504
533
504
492
504
492
504
353
575
391
504
328
353
328
353
328
353
328
353
330
328
330
353
328
353
330
328
65
185
258
73
258
185
258
73
258
185
73
185
73
258
73
185
73
258
73
185
65
185
258
73
65
66
65
185
73
258
185
73
258
185
73
65
44
48
44
736
491
736
491
736
497
736
491
736
491
736
497
429
750
429
750
429
750
429
750
429
750
429
750
429
750
429
750
451
917
451
917
451
917
451
917
405
229
405
229
405
229
405
403
229
405
403
405
229
405
229
405
229
405
403
229
403
229
687
20
21
20
21
20
687
20
21
20
21
20
21
20
687
20
21
687
229
716
115
716
50
442
50
716
50
716
50
716
115
716
687
716
50
716
50
716
687
20
687
716
50
343
345
343
345
343
345
343
345
966
345
343
345
343
345
343
345
343
345
343
966
343
663
496
844
496
663
496
154
496
803
496
663
496
663
496
154
349
74
79
74
79
74
79
74
79
74
79
74
79
74
79
74
79
74
79
74
349
838
903
838
903
838
349
838
349
74
349
838
349
838
903
838
903
690
689
690
741
705
741
690
705
689
706
689
690
741
705
706
690
741
973
690
741
689
690
705
690
973
705
741
973
690
741
690
741
705
689
705
47
903
98
740
971
740
98
401
160
401
160
401
160
196
401
160
401
196
401
160
401
196
401
196
401
196
401
196
160
903
154
496
803
496
844
496
663
496
663
50
716
50
442
665
119
665
442
665
442
665
442
438
442
438
442
665
442
119
442
665
442
665
442
665
49
681
678
681
678
49
678
681
678
681
49
681
49
678
681
678
49
681
678
681
678
681
49
681
49
681
49
19
24
19
24
19
24
19
24
19
24
19
24
19
24
19
272
163
272
163
272
24
19
272
15
263
15
268
964
268
15
268
15
268
964
15
268
964
787
964
787
964
15
964
787
964
787
964
15
964
15
555
556
555
556
555
138
555
138
141
138
555
138
141
138
141
138
555
138
556
555
138
555
556
555
963
822
963
822
963
822
722
110
109
110
109
110
109
110
109
110
109
110
109
110
722
822
722
110
109
483
648
542
648
85
84
85
94
85
648
542
648
85
648
483
468
669
89
669
468
469
669
469
669
469
89
669
89
523
669
89
469
523
669
468
669
469
468
669
468
469
468
669
89
469
468
523
55
59
55
59
542
648
645
648
542
648
645
648
542
648
542
648
85
84
85
84
85
93
94
93
94
93
94
93
94
93
94
93
94
93
94
640
957
173
172
957
173
172
173
957
172
173
352
173
957
172
957
172
957
172
173
957
173
957
640
172
352
172
173
957
172
957
172
173
819
853
819
853
819
853
819
853
819
853
819
853
819
619
500
236
260
752
537
260
537
752
260
537
260
752
537
752
260
752
260
752
260
752
260
236
752
260
537
236
500
236
169
170
169
170
169
170
169
236
937
363
362
363
414
362
414
362
363
414
362
363
414
362
414
362
414
362
414
363
937
413
937
413
937
413
937
413
937
413
937
413
937
413
937
362
363
266
697
204
205
697
458
697
243
697
276
243
697
696
697
205
699
870
910
870
910
870
910
870
699
870
372
699
870
910
870
699
870
372
398
372
398
372
398
372
398
372
398
372
398
372
398
729
734
729
252
398
729
252
729
252
729
252
729
734
729
734
729
252
753
893
753
282
753
282
753
282
893
753
893
282
753
893
753
282
893
753
282
893
753
893
753
282
752
236
169
170
169
236
169
170
169
236
500
499
500
499
500
499
500
236
239
535
174
535
6
535
239
535
239
6
535
6
535
239
535
6
535
174
954
174
954
174
954
174
954
174
535
6
535
954
174
954
174
535
853
819
619
617
620
619
620
621
620
621
620
619
621
619
617
619
620
621
619
621
617
619
620
621
620
619
621
617
619
851
318
319
639
318
639
319
639
319
639
318
639
319
639
907
385
641
907
851
318
639
851
890
894
958
616
958
616
958
616
958
616
958
616
958
890
813
890
894
958
890
958
894
890
813
890
813
890
813
890
958
616
958
616
958
894
890
851
907
851
907
851
319
639
318
639
318
639
907
851
907
851
907
851
907
851
907
641
386
641
386
956
386
956
788
385
956
788
641
386
956
385
788
386
956
641
386
385
788
641
788
641
386
907
851
430
215
430
215
122
215
122
215
122
123
122
123
122
123
122
123
215
430
215
122
123
122
123
215
376
585
376
585
215
122
215
122
215
122
215
585
376
585
376
585
376
585
376
585
376
585
376
585
376
585
337
608
337
613
337
106
608
337
608
106
337
484
486
484
359
266
359
58
359
58
359
58
359
266
297
266
297
266
297
266
297
266
359
58
359
484
486
484
486
484
486
484
486
484
337
484
359
58
359
484
613
484
486
484
613
670
613
670
613
670
613
670
613
670
613
670
613
670
67
567
568
567
568
567
67
567
568
567
67
567
799
195
799
195
799
195
567
195
799
195
799
195
799
195
799
195
799
195
799
195
67
567
568
567
195
67
567
671
516
513
550
513
550
671
516
513
550
671
288
671
513
550
513
671
513
550
513
671
513
671
550
671
513
671
513
671
550
513
550
671
288
612
960
529
612
529
612
529
612
529
960
529
960
529
960
529
612
529
612
529
612
784
745
270
745
784
674
667
674
784
745
270
745
270
745
784
745
270
335
334
338
334
335
336
334
336
334
335
336
334
336
334
336
338
336
338
336
335
334
335
334
335
336
335
334
336
335
336
831
835
831
231
232
231
232
234
231
234
194
831
835
831
835
831
835
831
194
831
91
232
231
232
234
232
234
232
91
231
234
91
232
234
231
91
194
831
194
231
232
91
232
234
91
232
194
831
194
448
738
732
738
725
738
725
732
738
732
738
725
738
732
725
732
738
732
738
350
451
350
725
589
902
904
902
448
902
35
902
589
274
589
137
589
274
504
274
137
274
137
274
589
902
904
902
150
902
150
448
902
35
280
296
630
536
257
536
257
536
257
536
257
536
630
280
536
257
536
257
536
630
280
296
630
280
630
280
630
280
630
280
630
280
536
253
277
534
892
534
277
253
277
534
253
277
253
277
253
277
892
253
892
277
892
277
892
253
892
277
253
326
325
326
325
326
325
326
325
326
325
326
325
326
325
326
325
326
325
326
892
322
321
320
322
321
322
320
322
321
322
320
322
320
321
320
322
320
322
320
321
322
320
322
321
320
322
68
804
827
804
827
824
68
804
805
804
827
804
805
804
824
564
563
559
563
626
936
626
563
559
563
564
563
564
563
559
563
564
563
559
563
936
626
936
626
936
626
936
626
563
626
563
792
158
453
127
453
127
192
453
127
453
158
571
158
571
158
571
158
571
158
571
368
916
368
916
368
114
112
114
703
114
916
368
703
124
692
694
692
124
703
775
703
775
703
124
703
124
703
775
453
192
659
192
659
192
659
192
659
192
659
192
659
192
659
192
659
192
659
192
659
190
369
190
369
190
369
190
203
190
369
190
203
190
369
190
369
190
369
203
276
269
276
203
225
860
225
860
220
225
860
225
202
220
202
220
202
860
225
860
202
860
220
494
495
494
365
243
697
276
206
204
206
205
206
204
206
205
206
204
205
204
206
204
206
205
206
205
206
205
697
458
697
696
697
696
697
276
203
276
269
124
692
124
694
692
124
692
694
692
482
289
271
364
934
364
510
532
135
588
427
431
427
431
588
431
427
431
588
431
427
431
427
431
588
576
582
576
582
583
582
576
583
576
583
244
772
456
772
457
772
457
773
457
773
772
457
773
457
772
456
772
773
457
773
457
772
457
772
457
772
456
772
457
772
358
863
358
863
358
863
95
333
175
333
175
333
95
333
95
863
358
863
95
863
95
863
358
863
358
863
95
863
358
863
95
333
95
333
175
117
113
117
113
117
113
117
175
117
175
117
175
113
117
175
117
794
428
794
428
340
447
340
428
340
447
340
428
449
23
632
23
18
632
23
18
23
632
23
932
801
932
449
932
801
932
801
932
449
264
449
801
932
801
932
23
18
23
18
23
632
23
449
264
449
264
189
264
449
932
801
932
449
264
449
244
498
601
511
601
511
601
744
601
744
601
744
601
547
443
547
102
547
460
627
421
627
574
573
574
573
574
573
574
573
574
573
574
573
574
573
574
627
759
627
460
627
460
627
460
443
547
601
511
601
498
601
511
601
511
744
132
108
132
108
132
108
132
108
132
108
726
861
929
726
862
861
929
726
861
929
862
861
929
726
862
726
929
861
726
929
862
726
861
862
726
929
861
929
726
861
862
929
726
929
861
929
726
395
313
615
708
228
209
212
209
928
209
212
928
209
212
209
212
209
212
209
212
928
209
928
209
928
212
209
212
928
212
209
212
183
708
228
395
313
311
313
311
313
311
313
395
313
395
228
708
27
708
27
708
27
708
27
104
223
104
868
104
223
868
104
868
144
450
88
450
88
450
88
450
162
161
162
161
162
161
162
161
162
161
162
161
162
161
162
161
162
450
144
615
144
673
144
708
183
399
140
139
140
139
930
140
930
139
140
930
140
139
930
399
930
140
139
140
139
930
140
930
140
139
399
708
313
707
313
395
313
707
313
673
668
673
144
673
668
673
144
615
144
673
668
673
668
673
668
707
