x
111
2
1
878
880
684
879
153
155
291
374
549
508
279
896
417
178
418
191
926
653
919
187
637
411
419
900
377
924
650
634
631
70
30
925
254
731
730
921
278
927
237
238
393
255
538
627
759
420
421
574
573
460
443
547
102
510
425
364
424
271
289
701
603
159
157
625
885
474
482
692
124
703
775
453
158
571
116
114
112
916
368
189
812
908
503
355
447
340
77
76
792
439
935
437
778
805
804
827
824
564
559
563
936
626
599
127
192
659
190
369
203
225
860
220
493
365
495
494
243
696
697
458
205
204
206
910
870
699
372
398
252
734
729
282
893
753
537
752
260
236
169
170
937
413
363
414
362
266
276
269
694
934
933
100
532
135
427
431
588
582
576
583
773
457
456
772
358
863
95
333
931
771
433
39
600
501
381
400
382
760
233
554
394
416
304
883
873
60
519
525
527
99
305
303
823
520
387
388
476
308
218
219
578
176
864
310
332
866
316
211
210
134
392
142
121
366
806
837
700
472
810
128
915
590
307
432
29
361
624
28
633
324
766
133
909
265
130
5
952
256
423
746
662
227
226
235
164
166
843
636
938
404
408
635
754
869
34
845
769
569
145
275
251
57
661
660
26
955
471
679
676
782
323
391
779
809
589
137
274
250
533
492
504
575
328
330
353
48
44
491
736
497
750
429
451
917
405
403
229
21
20
687
716
115
300
343
50
442
438
119
665
678
681
49
24
19
163
272
268
787
964
15
556
555
141
138
963
822
722
109
110
483
669
89
469
523
468
55
59
645
648
542
84
85
94
93
172
640
352
957
173
619
621
499
500
239
535
954
174
6
617
620
853
819
958
616
894
890
813
851
319
318
639
907
956
641
788
385
386
430
215
123
122
376
585
337
106
608
484
486
297
58
359
613
670
67
195
799
567
568
516
513
550
671
288
529
960
612
584
580
579
745
270
334
338
336
335
835
831
234
231
232
91
194
350
732
725
738
448
150
902
904
35
296
630
280
536
257
253
892
277
534
325
326
322
321
320
68
71
151
202
465
777
557
739
331
329
530
672
667
674
784
452
383
818
552
895
348
422
546
524
522
286
820
470
397
962
346
344
825
889
826
781
959
811
263
865
207
224
83
273
143
249
918
968
80
898
78
81
747
544
526
737
802
31
14
16
830
829
969
828
384
720
724
970
721
971
740
972
287
506
551
976
47
973
705
689
741
690
706
98
401
160
196
903
241
604
764
74
79
349
838
897
283
261
539
713
714
712
22
591
586
587
480
478
479
975
136
610
32
33
974
649
481
38
410
528
459
396
407
881
798
502
850
154
803
496
844
663
345
966
757
758
440
197
72
475
560
623
622
434
435
821
354
356
186
718
717
967
719
295
832
833
834
655
230
965
901
488
185
258
73
65
66
298
415
445
961
800
216
97
96
840
842
980
611
25
490
489
61
979
609
69
770
658
767
859
351
389
462
284
42
103
43
685
647
614
378
105
793
120
597
761
762
763
733
643
891
978
86
90
857
558
977
371
454
315
507
201
884
888
64
545
765
63
302
951
795
797
755
756
436
193
515
914
913
518
3
886
7
360
949
751
149
409
953
598
950
877
463
814
815
791
790
789
796
666
664
882
572
836
198
948
852
531
682
657
412
342
152
53
52
686
872
854
728
727
553
874
46
709
242
375
735
808
776
314
592
593
317
309
10
947
8
327
56
816
594
596
595
512
165
101
517
406
357
87
301
562
380
379
606
605
646
221
561
222
51
839
464
548
856
867
871
786
455
642
577
402
855
774
146
147
942
807
905
179
177
9
638
208
12
698
742
651
691
312
912
906
629
743
341
675
82
184
181
182
62
37
695
693
780
148
200
13
125
126
36
680
677
887
940
441
199
107
570
473
688
704
715
768
4
920
281
259
618
245
899
367
946
446
246
339
171
167
188
373
461
581
683
213
214
118
943
292
11
290
156
652
846
848
847
628
566
644
565
944
509
505
487
485
262
285
945
299
75
129
247
131
347
248
306
749
92
541
45
607
540
370
521
939
783
711
710
467
923
785
267
477
656
922
858
390
240
876
875
841
849
748
426
180
654
514
911
941
466
817
41
602
543
217
293
444
723
17
40
294
54
702
175
113
117
794
428
632
23
18
932
801
449
168
264
244
498
601
511
744
132
108
726
862
861
929
395
228
928
209
212
708
27
223
104
144
162
161
88
450
868
399
139
140
930
183
615
311
313
673
668
707
