x
8
16
8
7
8
6
1
8
16
8
1
2
1
2
3
2
3
7
17
14
13
14
25
23
25
23
25
23
25
23
59
62
16
13
25
23
25
23
25
23
25
23
13
14
13
14
13
14
7
11
7
14
13
14
13
14
13
8
6
8
1
8
1
2
3
7
11
7
3
7
5
9
10
9
10
9
12
10
9
10
9
10
9
10
9
10
9
10
12
19
15
19
15
12
10
12
15
19
15
19
15
19
15
19
15
12
15
19
15
19
12
27
37
40
54
46
54
56
58
51
47
51
47
51
47
51
61
73
68
73
67
73
67
58
53
31
32
31
32
30
32
30
32
30
31
30
31
34
40
41
38
44
46
56
53
46
50
49
50
54
44
54
53
54
48
52
43
56
42
50
30
32
30
40
38
44
49
50
44
49
50
49
42
50
49
50
49
52
53
49
50
55
44
54
38
31
34
43
38
43
31
35
31
38
35
38
58
61
67
61
51
38
31
30
32
30
31
34
39
34
43
56
53
58
40
38
46
43
41
38
46
43
56
48
53
46
53
50
49
54
50
55
54
46
43
53
46
43
34
47
56
47
51
37
34
39
34
39
47
51
58
41
46
38
31
34
39
51
40
39
27
37
45
29
22
29
22
29
28
33
28
29
28
22
29
22
29
22
28
33
28
33
28
22
29
22
29
28
22
29
22
29
22
29
22
28
33
60
70
77
70
64
68
64
57
64
57
60
57
60
57
64
68
73
68
57
45
57
60
57
60
57
60
69
74
78
74
72
74
69
74
69
60
57
60
69
74
69
74
78
72
78
75
78
72
78
74
69
74
72
78
75
72
78
75
78
75
72
74
72
74
78
75
78
72
76
80
71
76
71
80
76
71
25
13
8
16
62
82
71
76
80
71
80
76
71
76
80
76
80
71
25
23
36
63
36
63
36
62
36
63
36
63
20
63
90
94
98
85
86
85
86
85
86
85
86
85
86
85
98
90
89
90
94
90
89
90
89
90
94
99
101
99
101
111
114
111
101
111
104
111
130
111
104
111
104
111
101
99
101
99
94
89
90
94
90
94
90
94
90
89
82
80
71
80
76
80
76
75
72
74
69
60
33
24
26
24
26
24
21
18
21
18
21
18
21
18
21
24
26
24
26
24
26
24
21
33
60
57
64
68
73
67
73
66
68
73
67
73
68
66
73
68
73
68
73
61
51
37
27
12
15
19
12
15
12
27
37
68
77
84
77
81
79
81
79
83
79
83
88
83
88
83
79
81
79
83
88
83
79
81
83
81
79
77
81
79
83
88
92
95
92
97
95
92
97
92
95
97
92
93
95
93
95
92
97
95
92
93
96
95
96
93
96
93
95
92
95
93
91
103
122
103
91
103
102
103
91
103
91
103
122
103
102
103
91
93
95
97
105
108
107
108
107
108
105
106
105
106
105
108
105
100
105
108
100
110
112
110
100
110
115
117
121
120
121
117
116
117
116
115
117
116
117
121
120
121
120
121
117
121
120
121
117
121
117
121
120
121
120
121
133
129
133
128
133
135
133
135
131
129
131
136
131
143
148
143
148
143
148
143
148
143
148
143
148
143
148
143
148
143
148
155
151
155
151
155
151
155
151
155
160
148
160
166
160
155
151
147
152
147
152
147
151
147
152
157
144
141
144
154
157
154
157
144
153
157
154
157
153
157
144
157
153
157
154
157
153
157
144
150
144
150
144
141
144
141
152
147
152
147
151
155
151
155
151
155
151
155
160
162
158
162
158
159
162
158
159
158
162
167
170
171
167
162
159
167
168
165
168
167
165
168
165
168
165
168
165
168
167
162
167
171
167
162
159
158
162
158
159
162
167
170
171
185
193
188
193
180
178
180
185
180
185
180
185
193
180
178
180
185
171
170
180
193
180
185
171
185
180
185
171
170
168
165
168
165
167
171
170
171
185
180
193
188
181
177
175
181
175
173
175
184
175
181
177
175
184
188
193
188
193
192
191
189
192
191
189
192
191
192
191
192
189
188
193
181
177
181
188
192
189
192
189
192
191
192
189
192
189
192
189
190
187
190
187
186
183
186
183
187
190
187
190
187
186
187
190
187
190
187
190
187
190
187
194
182
172
169
172
182
194
190
194
182
176
182
194
182
176
182
194
182
172
179
172
179
172
179
172
169
164
161
164
169
164
161
164
169
164
161
163
164
161
164
169
172
182
172
169
164
161
156
145
140
137
140
145
156
145
156
140
145
156
140
142
146
142
146
142
146
149
146
149
146
142
146
140
142
137
146
140
145
156
145
140
146
140
142
146
138
139
138
139
138
139
138
139
138
139
138
139
138
139
138
146
149
146
140
137
134
132
134
130
127
130
134
132
126
130
127
130
126
125
126
125
126
125
126
125
126
125
126
125
126
134
130
156
145
156
164
173
174
175
173
174
173
175
174
175
184
175
174
173
174
173
174
173
174
173
174
173
179
172
179
182
194
182
169
172
169
164
161
164
161
163
161
156
130
134
132
134
132
134
130
134
132
134
130
127
130
111
104
111
101
99
101
111
114
109
114
122
119
122
119
122
114
109
114
113
109
113
109
113
109
122
118
122
118
131
136
131
136
131
133
135
133
124
123
124
128
124
123
124
123
124
123
124
128
124
123
124
128
124
123
124
133
135
133
135
133
135
133
131
129
131
133
148
160
155
151
147
122
109
113
109
113
114
111
101
99
94
98
85
65
63
65
20
65
63
20
65
20
65
20
63
20
65
63
20
65
63
65
20
63
36
62
59
62
82
80
87
91
92
100
110
100
110
100
97
92
100
84
100
110
112
110
112
110
100
84
79
77
60
24
7
4
1
6
1
20
1
6
1
4
7
5
9
12
7
8
6
1
2
3
7
17
72
122
152
165
181
177
181
177
181
177
181
177
181
188
193
185
171
185
171
166
160
131
122
114
82
80
87
102
122
114
82
16
8
16
