x
16
8
16
8
16
8
1
2
1
8
1
6
1
8
6
8
16
8
6
1
2
1
8
1
6
8
16
8
16
8
6
1
2
1
2
1
4
7
4
7
17
7
3
7
3
7
11
7
3
2
3
5
9
10
9
12
9
12
15
12
10
12
10
12
9
12
10
12
10
9
5
9
12
10
9
10
9
10
9
10
12
15
19
15
19
15
19
15
19
15
19
15
19
15
19
15
12
15
19
15
19
30
31
34
47
51
39
37
51
47
58
56
58
56
46
50
49
54
53
56
43
41
49
50
49
54
53
43
58
47
43
46
54
56
52
53
54
50
44
46
38
31
30
32
30
32
30
31
32
30
32
30
32
30
31
38
35
31
34
40
38
43
53
56
58
51
47
51
47
51
61
51
46
41
44
46
38
34
31
30
35
31
38
43
34
39
43
46
38
34
40
34
38
41
38
31
32
31
34
39
27
39
37
27
37
27
37
27
37
51
47
51
58
38
53
56
54
43
40
31
40
43
46
53
54
44
49
50
49
50
49
50
55
50
42
50
42
50
49
44
54
53
48
46
48
46
40
52
53
54
44
49
50
55
38
34
39
51
61
67
73
68
64
68
73
67
73
61
73
68
66
61
67
73
67
73
67
73
68
73
68
64
68
66
73
68
73
68
73
68
64
57
60
33
60
57
60
57
45
64
60
33
28
29
22
29
22
29
22
29
28
33
28
22
29
22
29
22
29
28
22
29
22
28
22
29
28
22
29
22
28
29
28
33
60
33
60
57
60
57
60
57
60
57
60
57
64
68
70
77
79
81
79
81
77
70
77
81
79
83
81
79
81
79
77
79
83
88
83
88
83
79
81
77
84
100
105
100
84
83
88
83
79
83
79
83
88
92
97
95
92
95
92
95
93
96
93
96
93
95
93
95
92
95
92
97
95
92
97
92
97
92
95
92
97
92
95
93
95
93
96
93
91
103
102
103
91
103
91
103
91
103
102
103
91
103
91
103
102
109
113
114
113
114
109
113
109
113
114
109
114
109
114
109
114
113
114
109
114
119
122
118
122
118
117
116
115
117
121
117
116
115
110
100
108
105
106
105
108
107
108
100
110
112
110
100
84
100
110
112
110
112
110
100
110
100
105
106
105
97
105
108
107
108
100
110
116
117
121
120
117
121
120
121
120
121
117
121
120
121
120
121
117
121
117
121
120
121
133
124
123
124
128
124
123
124
123
124
123
124
123
124
123
124
128
124
128
124
128
133
135
133
129
133
135
133
135
133
143
148
143
148
143
148
143
133
129
133
135
136
131
122
119
122
141
122
131
122
131
136
131
136
131
122
131
122
131
122
131
129
133
135
133
135
133
143
148
143
148
143
148
160
148
160
166
160
143
148
160
148
143
148
155
151
155
151
155
151
155
151
155
151
155
151
155
151
155
151
155
151
155
151
155
160
171
185
180
171
167
162
158
159
158
159
165
168
165
168
165
168
165
167
162
158
162
167
162
167
168
165
168
165
168
165
159
162
159
158
162
158
162
158
159
162
167
171
185
171
170
171
185
180
178
180
185
180
185
171
167
162
167
168
165
168
167
170
167
170
171
185
180
193
188
181
177
181
177
181
184
188
193
188
193
188
193
180
170
171
185
180
185
180
193
185
193
181
184
181
177
181
177
181
177
181
177
181
177
181
184
175
174
173
175
173
174
175
173
175
173
174
173
175
174
173
174
175
173
174
175
174
175
173
175
173
174
179
186
179
172
182
172
169
164
161
164
161
163
161
164
161
164
161
164
163
164
169
172
179
172
169
164
161
164
161
164
169
164
161
164
169
172
182
172
169
182
176
182
179
172
169
172
169
172
179
172
182
194
182
194
182
194
182
194
190
187
190
187
190
187
190
187
186
187
190
187
183
187
190
194
182
176
182
194
190
187
190
187
186
183
187
190
192
191
189
192
189
192
189
192
189
192
191
192
189
192
189
192
191
189
192
191
192
189
192
191
188
193
188
193
188
193
185
180
178
180
185
171
170
171
166
160
148
151
147
152
147
152
147
152
147
152
147
152
147
152
147
122
131
122
144
141
144
157
153
157
154
157
154
157
153
157
144
150
144
150
144
141
144
157
153
144
157
154
157
154
157
153
157
144
139
138
139
138
139
138
139
138
139
138
139
138
139
138
146
142
140
146
149
146
142
146
156
145
156
145
156
145
140
142
146
149
146
156
145
156
145
156
145
156
140
142
146
149
146
138
146
142
146
142
140
137
140
145
156
140
137
140
137
140
146
140
134
130
126
125
126
125
126
125
126
125
126
130
134
132
134
130
132
130
134
132
134
132
134
130
134
130
127
130
127
130
127
130
126
125
126
125
126
134
132
134
130
111
99
101
111
104
111
101
111
101
99
101
111
101
99
111
104
111
104
111
101
99
111
101
111
104
111
99
101
99
89
94
90
94
90
94
90
94
90
89
90
94
90
94
90
94
89
90
94
89
90
89
90
98
86
85
86
85
86
85
98
85
86
85
86
85
98
85
65
20
63
20
65
20
65
63
20
63
20
65
63
65
63
65
20
63
36
63
36
62
36
62
59
62
36
63
20
63
65
20
65
63
20
63
36
62
36
59
62
82
71
80
76
71
82
80
82
80
82
80
87
80
82
80
71
76
80
76
71
80
76
71
76
80
87
80
76
71
80
76
71
76
71
76
72
74
69
74
69
74
72
74
72
78
72
78
75
72
78
75
78
75
78
75
78
72
78
74
69
74
72
75
78
72
74
69
74
69
74
72
78
75
78
72
74
69
74
69
60
57
45
57
33
24
26
24
21
24
26
24
26
24
26
24
21
18
21
18
21
18
21
18
21
24
26
24
17
7
14
13
14
13
7
3
7
14
13
14
13
14
13
25
23
25
23
25
23
25
23
25
23
25
23
25
13
25
23
25
23
25
23
13
14
7
11
7
14
13
14
13
