x
1
716
1
716
1
716
1
716
1
716
1
716
1
716
1
716
1
716
1
716
20
731
20
731
20
731
20
731
20
731
20
731
20
731
20
731
20
731
716
638
1213
638
1213
638
1213
638
1213
236
1213
236
1213
236
1213
236
1454
32
740
32
740
32
740
32
740
32
740
32
740
1455
424
1045
424
1045
424
1045
424
1455
740
1455
1454
1455
1454
1455
442
1053
442
1053
442
1053
442
1053
442
1053
442
1053
442
1053
442
1053
442
160
161
160
161
160
161
160
161
160
161
160
161
857
161
857
161
857
442
857
442
857
29
737
29
737
29
737
29
737
29
737
29
737
29
737
29
737
29
737
29
737
29
348
1015
348
1015
348
1015
348
1015
348
1283
1356
1283
1356
1283
1356
1283
22
356
22
356
22
356
22
356
22
356
22
356
22
356
22
356
22
1453
188
877
188
877
188
877
188
877
188
877
188
877
188
877
1453
877
1453
877
1453
877
1453
22
1453
22
1453
381
449
381
449
381
449
381
449
381
449
381
449
381
449
381
449
381
449
381
420
1041
420
1041
420
1041
1330
1407
1330
1407
1330
1407
1330
1407
1330
1407
1330
1407
1330
1407
1330
1407
1330
1407
1303
1377
1303
1377
1303
1377
1303
1377
1303
528
1117
528
1117
528
1117
528
1117
528
1117
1303
1117
1303
1117
1303
1117
1303
1407
1303
1407
1303
184
366
184
366
184
366
185
198
185
198
185
198
185
198
185
198
185
198
185
198
185
198
185
198
185
198
185
887
187
196
187
196
187
196
187
196
187
196
187
196
187
885
187
885
187
885
187
885
505
523
505
523
505
523
505
1103
505
1103
458
1065
458
1065
1103
1065
1103
1065
1103
1065
1103
1065
310
982
310
982
310
982
310
982
310
1065
310
1065
310
1283
1453
381
1041
1443
1041
1443
1041
1443
1041
1443
1041
1443
1041
1443
548
1134
548
1134
548
1134
548
1134
548
1134
548
1134
548
1134
548
1134
548
1443
548
1443
548
93
796
93
796
93
796
93
796
93
796
93
796
93
796
1452
167
863
167
863
167
863
167
863
167
863
167
863
167
863
167
863
167
863
1452
863
1452
863
1452
796
1452
796
1452
796
1452
225
909
225
909
225
909
225
1353
1362
1423
1362
1423
1353
1423
225
1423
225
1423
225
1423
225
1423
225
1423
225
712
1273
712
1273
712
256
282
256
282
256
282
256
282
256
282
256
282
256
282
256
934
256
934
712
934
712
1453
712
236
501
1099
501
1099
236
1099
236
1099
236
712
236
712
243
244
243
244
243
318
370
318
370
318
405
1029
405
1029
405
1029
405
1029
405
1029
405
1029
405
318
405
318
405
318
26
735
26
735
26
735
26
735
26
735
100
735
100
735
100
735
100
735
100
735
100
735
100
1319
1394
1319
1394
1319
1394
1319
1394
1319
1394
1319
1394
1319
1394
1319
78
431
78
431
78
431
78
431
78
431
78
431
78
431
78
613
1191
613
1191
613
1191
613
1191
613
1191
613
1191
613
1191
613
1191
613
78
634
1210
634
1210
634
1210
634
692
1258
692
1258
692
1258
692
1258
692
1258
692
1258
692
1258
692
1258
692
1258
692
1258
522
1113
522
1113
522
1113
522
634
166
204
166
204
279
954
279
954
279
954
279
954
279
954
279
954
53
761
53
761
53
761
53
761
53
761
53
761
53
761
53
761
205
853
205
853
205
853
205
853
205
853
205
853
205
853
205
893
158
855
158
855
158
855
158
855
158
855
158
855
893
855
893
855
893
83
787
83
787
83
787
83
787
83
353
1020
353
1020
353
1020
353
1020
353
1020
353
83
353
83
701
1264
701
1264
701
1264
701
1264
701
1264
701
1264
701
1264
194
883
194
883
194
1481
194
1481
194
1481
194
1481
1264
1481
1264
1481
1264
1481
83
893
88
792
88
792
88
792
88
792
549
1135
549
1135
549
1135
549
1135
549
1135
549
1135
1449
643
1461
643
1461
138
379
138
379
138
443
138
443
138
443
138
599
138
599
138
599
1461
599
1461
599
145
217
145
217
145
217
145
217
145
217
145
217
145
217
361
217
361
217
361
217
361
217
361
1449
361
1449
361
1449
361
1449
1135
1449
1135
1449
1135
1449
1135
792
893
792
893
792
599
542
681
542
681
542
681
542
681
542
681
542
681
1247
681
1247
681
1247
681
1247
681
1247
681
1247
284
958
284
958
284
958
284
958
284
958
1247
958
1247
958
1247
958
1460
958
1460
958
1460
958
1460
447
1056
447
1056
447
1056
1332
1409
1332
1409
1332
1463
531
1120
531
1120
531
1120
531
1120
1465
1120
1465
1120
342
1009
342
1009
342
1009
342
1009
342
1009
342
1009
342
1009
1120
1463
1120
1463
1056
1460
1056
1460
1056
1460
1056
1460
390
636
390
636
1459
636
1459
635
1211
635
1211
635
1211
635
1211
635
1211
635
1211
635
1211
635
1211
635
1211
635
1211
635
1459
464
1069
464
1069
464
1069
464
1069
464
1069
464
1069
464
1069
464
1069
464
1069
464
1069
448
1057
448
1057
448
1057
1069
1057
1459
1057
1459
1057
1459
1057
394
694
394
694
394
694
394
694
394
694
394
463
394
463
394
1057
394
1057
394
5
719
5
719
377
436
377
436
377
436
377
436
1442
222
907
222
907
222
907
1442
907
1456
23
357
23
357
23
357
23
357
23
357
23
357
23
1456
23
907
23
907
1457
1543
1457
1543
1457
1543
1457
1543
1457
1543
1457
1543
315
452
315
452
315
452
315
452
315
452
315
452
315
452
315
452
986
452
986
1543
986
1543
986
1543
986
1543
986
1543
986
1458
1276
1344
1276
1344
1276
1344
1276
1344
1458
1344
887
885
887
885
887
885
663
1231
663
1231
663
1231
663
1231
663
1231
663
1231
663
1231
885
1231
885
1231
885
986
907
436
907
986
907
719
907
719
395
699
395
699
395
699
395
699
395
376
433
376
433
376
433
376
433
376
600
1178
600
1178
600
1178
600
1178
1422
1178
1422
1178
1422
1178
1422
355
1022
355
1022
355
1022
355
1022
355
1022
355
1022
355
1022
355
1022
355
1022
140
839
140
839
140
839
140
839
140
839
140
839
140
839
140
839
140
1022
710
1541
710
1541
710
1541
710
1541
710
1541
710
261
262
261
262
261
262
261
262
938
262
938
1331
1408
1331
1408
1331
1408
1331
1408
1331
1408
698
1262
698
1262
698
1262
698
1262
698
1262
698
1262
698
324
994
324
994
324
994
324
35
743
35
743
324
698
324
698
324
698
324
1408
324
647
1220
647
1220
647
1220
647
1220
647
1220
647
1220
647
1220
1304
1378
1304
1378
1304
1378
1304
1378
1304
1378
1304
646
1219
646
1219
646
1219
646
1219
646
1219
646
1219
646
1219
646
1304
1220
1304
1220
37
745
37
745
37
745
37
745
37
745
80
784
80
784
80
784
80
784
80
784
80
784
80
784
80
784
80
350
1017
350
1017
80
1017
80
1017
565
1150
565
1150
565
1150
565
1150
565
1150
565
170
866
170
866
170
866
170
866
170
866
191
880
191
880
191
880
191
880
191
1302
1376
1302
1376
1302
1376
1302
1376
1302
1376
1302
1376
1302
1376
1302
1376
1302
1376
1302
1320
1395
1320
1395
1320
1395
1320
1395
1320
1395
1320
1395
1320
1395
1320
1302
688
1254
688
1254
688
1254
688
27
736
27
736
27
736
27
736
688
736
563
1148
563
1148
563
1148
563
1148
563
1148
563
1148
563
1148
563
1148
563
1148
563
736
563
1467
116
817
116
817
116
817
34
742
34
742
34
742
34
742
34
742
34
742
34
1467
526
1115
526
1115
526
1115
526
1467
526
334
1003
334
1003
334
1003
334
1003
334
1003
334
1292
1366
1292
1366
1292
1366
1292
1366
1292
96
799
96
799
96
799
147
844
147
844
147
799
147
799
147
799
147
799
147
799
1292
799
1292
334
1468
669
1236
669
1236
669
1236
669
1236
669
1236
669
1236
669
1236
669
1236
669
1236
669
1236
1468
1317
1392
1317
1392
1317
1392
1317
473
1076
473
1076
473
1076
473
1076
1317
1076
1317
1076
151
848
151
848
151
848
151
848
151
848
151
848
151
1076
151
1076
151
1076
151
640
1215
640
1215
1298
1372
1298
1372
1298
1372
1298
1372
1298
1372
1298
1372
1298
1215
143
842
143
842
143
842
143
842
143
294
967
294
967
143
967
143
967
143
967
143
967
54
762
54
762
54
762
54
762
54
762
54
762
54
967
54
967
10
711
10
711
10
711
10
711
10
711
10
711
10
711
10
711
10
1272
265
266
265
266
941
266
941
266
468
1071
468
1071
468
1071
468
1071
468
1071
468
1071
468
1071
266
1071
266
1071
266
1071
1440
1071
1440
1272
1440
1272
1440
1272
1440
1272
1440
1272
1440
1272
1440
1272
1440
1272
313
984
313
984
313
984
313
984
313
984
313
984
313
984
313
984
313
581
1164
581
1164
581
1164
581
1164
581
1164
125
826
125
826
125
1164
125
1164
125
1164
125
1164
313
626
1203
626
1203
626
1203
626
1203
626
334
1468
334
1468
151
1468
626
526
34
630
1207
630
1207
630
1207
630
1207
630
1207
630
1207
630
605
1183
605
1183
605
1183
605
1183
630
1183
254
932
254
932
254
932
254
932
254
932
254
932
254
932
626
1468
680
1246
680
1246
680
1246
680
1246
680
1246
680
182
875
182
875
182
875
182
680
182
680
182
4
718
4
718
1469
718
1469
718
1469
718
1469
718
1469
709
1271
709
1271
1469
1271
1469
1271
263
939
263
939
263
939
263
939
1271
939
1271
939
1271
939
1271
939
1271
939
291
963
291
963
291
963
291
939
291
939
182
652
1225
652
1225
652
1225
652
1225
652
1225
119
439
119
439
820
439
820
439
820
439
820
439
297
970
297
970
297
970
297
970
1470
312
983
312
983
312
983
312
983
312
983
1470
983
1470
983
1470
983
1470
983
1470
983
1470
970
1470
970
1470
335
1004
335
1004
335
28
713
28
713
28
713
28
713
28
713
28
713
28
713
28
713
335
1471
51
759
51
759
51
759
51
759
51
759
51
759
51
759
51
759
51
759
1471
759
1471
759
1471
578
1161
578
1161
578
1161
578
1161
578
1161
578
221
906
221
906
221
578
221
117
818
117
818
117
818
117
818
117
818
117
818
117
818
117
221
1471
221
1471
335
1471
335
1225
182
1225
182
190
879
190
879
190
879
190
879
190
879
190
879
190
879
190
879
190
879
156
852
156
852
156
852
156
852
156
852
156
852
156
852
156
852
48
756
48
756
852
756
852
756
852
756
650
1223
650
1223
650
1223
277
952
277
952
277
952
277
952
277
952
277
952
277
1223
277
1223
277
1223
1339
1417
1339
1417
1339
1417
1339
1223
1339
1223
1339
1223
1339
1223
1339
1223
1339
745
52
760
52
760
524
525
524
525
524
525
524
525
524
525
524
1114
524
1114
524
1114
524
760
524
760
745
760
745
1339
745
1339
745
324
745
324
938
349
1016
349
1016
349
1016
349
1016
349
1016
349
1016
1473
1016
1473
1016
1473
1016
1473
597
1176
597
1176
597
1176
1473
1176
1473
1176
1473
1176
474
1077
474
1077
474
1077
474
1077
474
1077
474
1077
474
617
1195
617
1195
617
1195
617
1195
474
1195
474
295
968
295
968
295
968
295
968
295
968
295
968
474
968
307
979
307
979
307
979
307
979
968
979
968
979
968
979
968
979
264
940
264
940
264
940
264
940
264
940
705
1267
705
1267
705
572
1155
572
1155
572
1155
572
1155
572
1155
705
1155
705
1155
705
1155
705
1155
1472
425
426
425
426
425
426
425
426
425
426
425
426
425
426
425
1046
425
1046
1472
1046
1472
1046
1472
1046
1472
1046
1472
1046
1472
1046
1472
940
1472
940
1472
940
1472
940
1155
940
1155
704
1266
704
1266
704
1266
704
1266
704
127
828
127
828
127
828
122
823
122
823
122
823
122
823
122
823
122
823
122
823
122
339
1007
339
1007
339
122
339
122
339
122
339
704
339
1476
1441
1475
1441
1475
1441
1475
1441
1475
1441
1475
500
979
500
979
500
339
1476
339
1476
339
1476
339
1476
500
1291
1365
1291
1365
1291
1365
1291
1365
1291
1365
1291
938
697
1261
697
1261
697
1261
697
1261
697
1261
697
1261
697
1261
697
1261
697
323
993
323
993
323
993
323
993
323
993
323
697
323
697
323
1318
1393
1318
1393
1318
1393
1318
1393
1318
1393
1318
1393
1318
1393
1318
1393
1318
1393
1318
203
892
203
892
203
892
203
892
203
892
714
1274
714
1274
714
1274
892
1274
892
1274
247
966
247
966
247
1450
247
1450
247
1450
247
1450
247
1450
247
1450
247
1450
247
1450
696
1260
696
1260
696
1260
176
871
176
871
1260
871
1260
871
1260
871
1260
871
1260
871
139
838
139
838
139
838
139
838
139
838
139
838
139
838
1321
1396
1321
1396
1321
838
1321
1338
1416
1338
1416
1338
1416
1338
1416
1338
1416
1321
1416
1321
1416
1321
1416
871
1450
871
1450
871
1450
1416
335
879
219
904
219
904
219
182
219
335
219
1468
219
1468
219
1468
219
932
1183
932
1183
219
938
1274
938
1274
938
1274
938
1274
938
1274
500
1476
500
1476
1474
517
1474
517
1474
517
1474
429
1474
429
1474
429
1474
429
1474
429
1474
429
1480
107
807
107
807
292
964
292
964
292
964
292
964
292
964
292
964
292
964
292
964
292
964
292
964
292
807
226
910
226
910
226
910
226
910
226
1427
417
1039
417
1039
417
1039
417
1039
417
1039
417
1039
1427
1039
1427
1039
1427
1039
226
1039
226
209
897
209
897
209
897
209
897
209
897
209
897
209
897
209
897
209
897
209
897
209
897
226
807
1480
807
1315
1390
1315
1390
1315
1390
1315
1390
1315
120
821
120
821
120
821
120
821
120
821
120
1316
1391
1316
1391
1316
1391
1316
1391
1316
1391
1316
121
822
121
822
121
822
121
822
121
1316
121
1316
121
1315
121
1315
121
1315
121
1315
121
1315
807
1315
807
541
1128
541
1128
541
1128
541
1128
541
1128
541
1128
541
1128
541
1128
541
1128
541
1128
541
481
1083
481
1083
481
1083
481
1083
481
1083
481
1083
481
1083
481
1083
201
890
201
890
201
890
201
890
201
890
201
890
201
890
201
890
201
890
201
608
1186
608
1186
608
1186
245
924
245
924
245
924
245
924
245
924
245
924
245
924
245
924
245
924
245
1186
201
1186
648
1221
648
1221
648
1221
648
1221
648
1221
648
1221
648
1221
648
1221
648
1329
648
1329
648
1329
1405
1329
1405
1329
1405
1329
1405
1329
1405
559
1144
559
1144
559
1144
559
1144
150
847
150
847
1144
847
1144
847
1144
847
110
490
110
490
110
490
110
811
110
811
110
811
110
811
110
811
1091
811
1091
811
1091
811
1091
811
1091
476
1079
476
1079
476
174
869
174
869
174
869
174
869
174
869
174
869
174
869
174
869
476
869
1091
583
1166
583
1166
583
1166
40
233
40
233
40
233
40
233
40
233
748
233
748
233
748
233
917
233
917
233
917
603
1181
603
1181
603
1181
603
1539
603
1539
603
1539
917
1539
641
1216
641
1216
641
1216
641
1216
641
1216
641
1539
641
1539
1166
1539
1166
1539
1166
1539
1166
134
834
134
834
134
834
134
834
134
834
134
834
134
1538
134
1538
134
1538
1166
1538
1166
1538
1166
1538
1091
869
1405
869
1405
1186
504
1102
504
1102
504
1102
504
1102
504
1186
504
1186
504
1186
504
1083
504
807
451
1059
451
1059
451
1059
451
1059
451
1059
421
1042
421
1042
421
1042
421
1042
421
1042
421
1042
421
1042
421
1042
421
1042
308
980
308
980
302
975
302
975
1540
980
1540
980
1540
980
1540
980
1540
980
1042
980
1426
336
1005
336
1005
336
1005
336
1005
336
1005
336
1005
336
1005
336
1005
336
1005
336
1426
980
1426
496
1095
496
1095
496
1095
496
1496
496
1496
496
1496
496
1496
496
1496
496
1496
496
1496
496
1496
587
1496
587
1496
301
974
301
974
301
974
301
602
1180
602
1180
320
990
320
990
320
1180
320
1180
320
1180
320
1180
320
1180
320
301
320
301
676
1242
676
1242
1495
16
19
16
19
16
19
16
19
16
19
16
19
728
19
728
19
728
19
728
1345
728
1345
728
1345
728
1345
1495
1345
1495
1345
1495
1242
1495
1242
1495
1242
1495
1242
1495
1242
1495
1242
1495
1242
301
1242
485
1087
485
1087
485
472
1075
472
1075
472
1075
472
1075
472
485
472
485
472
689
1255
689
1255
689
1255
689
1255
689
1255
472
271
946
271
946
271
946
271
946
271
946
271
946
271
946
271
946
271
946
271
946
68
773
68
773
68
773
68
773
68
773
68
639
1214
639
1214
639
1214
639
1214
639
1214
639
1290
639
1290
639
1290
639
1290
639
1290
1364
1290
1364
1290
1364
1290
1364
1290
1364
1504
1364
1504
1364
1504
1364
1504
133
833
133
833
133
833
133
833
133
833
133
833
133
833
133
833
133
1504
133
1504
133
1504
68
1504
68
1504
68
82
786
82
786
82
786
82
786
82
786
68
786
946
1334
1412
1334
1412
1334
1412
130
585
130
585
130
585
130
585
130
585
130
585
130
585
130
585
130
585
130
585
831
1168
831
1168
831
1168
831
1168
831
1168
831
1168
831
786
831
661
691
1257
691
1257
691
1257
691
661
691
661
691
661
691
661
691
661
691
661
79
783
79
783
79
783
79
783
79
783
79
783
79
783
79
783
79
783
149
846
149
846
149
846
76
781
76
781
76
781
76
781
76
781
76
781
76
781
76
781
76
781
846
781
846
309
981
309
981
309
981
309
283
957
283
957
283
957
283
957
283
957
283
957
283
957
283
957
715
1275
715
1275
715
1275
715
1275
715
957
511
1108
511
1108
511
1108
511
1108
511
957
309
846
1500
111
437
111
437
111
812
111
812
111
812
111
812
111
812
111
812
111
812
111
812
111
812
1500
812
1500
155
851
155
851
155
851
155
851
155
851
155
851
155
851
155
851
155
851
155
851
155
851
1500
695
1259
695
1259
695
1259
695
1259
1500
1259
1500
1259
661
1300
1374
1300
1374
1300
1374
1300
1374
1300
1374
105
805
105
805
105
1279
1349
1279
1349
1279
1349
1279
105
1279
105
253
931
253
931
253
931
253
931
253
931
253
105
253
1314
1389
1314
1389
1314
1389
1314
1389
1314
1389
1314
1389
1314
1389
1314
1389
1314
1389
97
800
97
800
97
800
97
800
97
800
97
1389
253
50
231
50
231
50
231
50
231
50
231
50
231
50
231
50
758
50
758
50
758
915
758
915
758
915
1503
303
976
303
976
303
976
303
976
303
976
303
1503
303
619
1197
619
1197
619
1197
619
1197
619
1197
619
1197
619
1197
619
1197
619
1197
619
1197
690
1256
690
1256
690
1256
690
303
629
1206
629
1206
629
1206
629
1206
629
1206
629
1206
629
1206
629
1206
629
1206
629
1206
615
1193
615
1193
615
1193
303
915
690
915
690
480
1082
480
1082
674
1240
674
1240
674
1240
674
1082
674
1082
674
1082
674
1082
674
1082
674
1082
674
1082
304
547
304
547
304
547
304
547
304
547
304
547
977
547
977
1133
977
1133
977
1133
977
1133
977
1133
977
1133
977
1082
977
1082
977
461
1067
461
1067
461
1067
461
1067
189
878
189
878
189
878
189
878
189
878
189
878
189
878
189
878
653
1226
653
1226
653
1226
653
1226
653
1226
1510
1226
1510
1226
1510
878
1510
73
778
73
778
73
778
73
778
73
778
73
778
73
778
73
778
73
778
73
778
73
234
918
234
918
234
918
234
918
234
918
234
918
234
918
1424
131
360
131
360
131
360
131
360
131
360
131
360
131
360
131
360
131
360
1424
132
832
132
832
132
1424
132
1424
132
114
815
114
815
114
815
114
815
114
815
114
815
114
815
114
815
1438
1333
1410
1333
1410
1333
1410
1333
1410
1333
1438
1333
1438
1333
1438
1508
106
806
106
806
1508
806
1508
806
1508
1438
1508
1438
1508
1438
1508
159
856
159
856
159
856
159
856
159
856
1509
856
1509
57
765
57
765
57
765
57
765
57
765
57
765
57
1509
57
1509
57
607
1185
607
1185
607
1185
607
1185
607
1185
607
1185
607
1185
57
815
918
86
789
86
789
86
789
86
789
86
789
918
789
918
789
918
789
1510
1067
1510
1067
616
1194
616
1194
616
1194
616
1194
616
1194
616
625
1202
625
1202
625
1202
625
1202
625
1202
625
1202
625
1202
625
1202
622
1200
622
1200
622
1200
622
1200
622
1200
622
1200
622
1200
622
1200
622
1200
622
1200
1202
1200
1202
616
1202
385
566
385
566
385
566
385
566
75
780
75
780
75
780
75
780
75
780
75
780
566
780
566
780
566
780
1295
1369
1295
1369
1295
1369
1295
1369
1295
392
665
392
665
392
665
392
665
290
962
290
962
290
962
665
962
665
962
665
962
665
962
1437
1604
1603
1604
1603
1285
1358
1285
1358
1603
1358
1603
1358
1603
1358
1603
293
965
293
965
293
965
293
965
293
965
293
965
293
965
293
965
293
965
293
965
293
965
1515
1437
1515
1437
1515
1437
1609
562
1147
562
1147
562
1147
562
1147
562
1147
562
1147
562
1147
562
1608
306
372
306
372
306
372
306
372
1610
620
1198
620
1198
620
1198
620
1610
620
1610
620
1610
620
1610
12
724
12
724
12
724
12
724
12
724
12
1610
12
372
12
372
12
372
12
372
1278
1348
1278
1348
1278
1348
1278
1348
1278
1348
1278
1348
1278
657
1228
657
1228
657
1278
657
1278
657
172
363
172
363
172
363
172
363
172
363
172
363
172
657
172
657
172
657
172
657
1613
257
371
257
371
257
371
257
1536
257
1536
257
1613
657
1613
1611
1322
1397
1322
1397
1322
1397
1322
1397
1322
1397
1322
1397
1322
1397
1322
1397
1322
1397
1322
1611
483
1085
483
1085
180
873
180
873
180
873
180
873
180
873
180
1619
180
1619
180
1620
94
797
94
797
94
1618
94
1618
94
1618
94
1618
94
1620
94
1620
180
1620
180
1620
1340
1418
1340
1418
1340
1418
1340
1418
1340
1418
1340
1418
386
569
386
569
386
569
386
569
386
1418
386
1612
200
889
200
889
200
1612
200
1612
200
1612
200
1612
200
1612
200
1612
200
1612
386
181
862
181
862
181
862
181
862
181
862
181
862
181
874
181
874
181
874
181
874
685
1251
685
1251
685
1251
685
1251
685
1251
685
1251
1511
1251
1511
1251
305
978
305
978
305
978
305
978
305
978
305
978
1251
978
235
367
235
367
235
367
235
367
235
367
235
367
235
367
978
165
861
165
861
165
861
165
861
165
861
165
861
165
861
165
861
658
659
658
659
658
659
658
659
658
659
658
659
658
659
658
659
658
659
861
659
208
896
208
896
208
896
208
896
564
1149
564
1149
564
1149
564
1149
1597
268
943
268
943
268
943
268
943
268
943
1597
251
929
251
929
251
929
251
929
251
929
251
929
251
929
251
929
251
929
1597
929
1597
929
467
1070
467
1070
467
1070
467
1070
467
341
1008
341
1008
341
1008
341
1008
341
609
1187
609
1187
341
1187
38
746
38
746
38
746
38
746
38
1595
38
1595
38
1595
38
1595
38
1595
38
1595
1594
1595
1594
1595
1594
1595
1594
179
872
179
872
179
872
179
872
179
872
1593
872
1593
872
1593
591
1171
591
1171
591
1171
591
1171
591
1171
591
1171
1593
1171
1593
611
1189
611
1189
611
1189
611
1189
611
1189
611
1189
611
1189
611
1189
1593
1189
1593
1189
1593
1189
1447
604
1182
604
1182
604
1182
604
1182
604
1182
604
1447
604
1447
604
1447
1580
1447
1580
1447
1580
1447
1580
1447
1580
300
973
300
973
1584
1583
1584
1583
1584
1583
1584
973
1584
1586
1529
1588
1590
1588
1590
1588
1590
1591
1590
1591
1590
1591
1590
1591
1590
1591
1590
1591
393
693
393
693
393
693
393
693
393
1591
393
1591
393
1523
81
785
81
785
81
785
81
785
81
785
81
596
1175
596
1175
596
1175
596
1175
596
1175
596
1175
25
734
25
734
25
734
25
1175
25
1175
25
1175
25
1175
25
1175
25
1576
195
884
195
884
195
884
195
884
195
884
195
884
195
884
195
884
195
884
195
884
195
884
13
725
13
725
13
725
13
725
13
725
13
1574
1575
1574
1575
1574
1575
1574
1575
1574
1575
1574
1575
1574
1575
1574
1575
1574
1575
1574
1575
1574
1575
49
757
49
757
49
757
49
757
49
757
49
757
49
757
49
757
1512
274
949
274
949
274
949
274
949
274
1512
274
1512
274
1512
455
1062
455
1062
455
1062
455
1062
455
64
769
64
769
64
769
64
769
64
769
455
769
455
769
455
769
455
769
455
769
671
672
671
672
671
672
671
672
671
672
671
1238
671
1238
671
1238
671
1572
252
930
252
930
252
930
252
930
252
930
1572
930
1572
930
671
769
671
1512
757
1512
553
1138
553
1138
1571
1138
1571
1138
1571
1138
1571
1138
1571
1138
1571
1138
1571
1138
1571
1138
1571
168
865
168
865
168
865
168
865
168
865
168
865
168
865
168
865
684
1250
684
1250
684
627
1204
627
1204
627
684
627
684
627
684
627
684
627
865
1571
865
627
865
627
215
901
215
901
215
901
215
901
215
901
215
901
215
1520
556
1141
556
1141
556
1141
556
1141
1520
1141
1520
1141
1520
1141
1520
546
1132
546
1132
546
1132
546
1132
546
469
1072
469
1072
469
1072
469
1072
469
1072
469
1072
469
1072
478
1080
478
1080
1072
1080
1072
1080
1072
1080
1308
1382
1308
1382
1308
1382
1308
1080
1308
1080
1308
1080
1308
1080
248
926
248
926
248
926
248
926
1312
1387
1312
1387
1312
1387
1312
1387
1312
1387
1312
1387
1312
1387
1312
1387
1312
1387
1312
1387
926
1387
926
1080
926
1080
926
551
1136
551
1136
551
1136
551
1136
551
1136
551
1519
551
1519
551
1519
551
1519
551
1519
551
1519
211
898
211
898
211
898
211
898
211
898
211
898
216
902
216
902
216
902
216
902
216
902
216
902
216
902
898
902
898
104
359
104
359
104
359
104
359
102
803
102
803
102
359
614
1192
614
1192
614
1192
614
1192
614
1192
614
1192
614
1192
614
42
750
42
750
614
750
614
750
72
777
72
777
72
777
72
777
72
777
72
777
72
777
72
777
72
1305
1379
1305
1379
1305
1379
72
1379
1516
475
1078
475
1078
475
1078
475
1078
325
445
325
445
325
445
325
445
325
445
325
445
325
445
325
445
325
445
995
445
995
445
995
1054
552
1137
552
1137
552
1137
552
1137
552
1137
552
1137
552
1137
552
1137
552
1137
552
1137
552
1296
1370
1296
1370
1296
1370
1296
1370
1296
1370
1296
1370
1296
6
720
6
720
6
720
6
720
6
720
397
1351
397
1351
397
1351
397
1351
397
720
397
720
397
383
537
383
537
383
537
383
537
383
537
628
1205
628
1205
1517
1054
664
1232
664
1232
664
1232
664
1232
664
1232
1054
1078
1054
1078
1054
1517
1054
1517
1054
1517
359
1517
359
1517
359
1517
359
631
1208
631
1208
631
1208
631
1208
631
129
830
129
830
129
830
631
830
631
750
1516
85
788
85
788
85
788
85
788
85
788
85
690
85
690
1193
344
606
344
606
344
1011
344
1011
344
1011
344
1011
344
1011
344
1011
344
1011
344
1011
1184
1011
1184
1011
1184
1011
1184
488
489
488
489
488
489
1090
227
911
227
911
227
911
227
911
227
911
227
1090
227
1090
227
1090
227
1090
227
1090
675
1241
675
1241
675
1241
675
1241
675
1241
675
1241
675
1241
298
971
298
971
298
971
298
971
298
77
782
77
782
77
782
77
782
77
782
1294
1368
1294
1368
1294
1368
1294
1368
1294
782
1294
782
1294
782
1294
782
1294
593
1173
593
1173
593
1173
593
1173
593
1173
593
1173
1294
298
1505
330
1000
330
1000
330
1000
1505
1000
1505
298
1505
298
1505
298
1505
33
741
33
741
33
741
33
741
33
741
33
741
1505
741
1505
741
1505
329
331
329
331
329
999
329
999
329
999
329
999
329
999
329
1294
329
1505
329
1505
649
1222
649
1222
649
1222
649
1222
649
1222
649
687
1253
687
1253
687
1253
687
1507
687
1507
687
1507
687
1507
66
771
66
771
1434
771
1434
771
1434
771
1434
771
1434
115
816
115
816
1436
623
1201
623
1201
623
1201
623
1201
623
1201
1436
1201
1436
1201
1436
1287
1360
1287
1360
1287
1360
1287
1360
1287
1360
1287
516
1110
516
1110
1287
1110
1287
1110
199
888
199
888
199
1110
199
1110
1436
1434
1435
409
1032
409
1032
409
1032
409
1435
409
1435
409
1435
409
1507
409
1507
409
1507
409
1507
409
1507
649
677
1243
677
1243
700
1263
700
1263
700
1506
700
1506
98
1506
98
1506
98
1506
1243
1506
1243
1506
1243
1506
1243
1506
1243
1506
1243
1506
1243
470
1073
470
1073
470
1073
470
1073
470
1073
470
1073
470
1073
470
1073
470
1073
1243
99
801
99
801
99
801
99
801
99
801
99
801
645
1218
645
1218
491
1092
491
1092
491
1092
491
1218
492
1218
492
1218
492
89
791
89
791
89
791
89
791
89
791
793
791
793
791
793
791
793
791
793
791
793
1433
666
1233
666
1233
1433
1233
1433
1233
1433
1233
793
1233
793
1233
793
1233
493
1093
493
1093
493
1093
163
859
163
859
1093
859
1093
859
1093
859
1093
859
506
1104
506
1104
506
1104
1502
1104
1502
1104
1502
1104
1502
416
1038
416
1038
416
135
576
135
576
135
576
135
576
135
835
135
835
1159
835
1159
835
1159
416
1159
416
1159
1499
45
753
45
753
1499
753
1499
753
1499
753
1499
753
1499
753
1499
753
1499
753
1499
753
1499
90
794
90
794
90
1499
90
41
545
41
545
41
545
749
545
749
545
1131
545
1131
545
1131
545
1131
487
1089
487
1089
487
1089
487
1089
487
1089
487
273
948
273
948
273
948
273
948
273
948
273
948
273
948
273
948
273
948
273
487
1131
487
1131
1494
1131
1494
1131
1494
1131
1494
1131
90
1131
90
660
1229
660
1229
660
1229
660
1229
660
1229
660
1229
660
1229
660
1229
660
15
113
15
113
15
113
15
113
15
113
15
727
15
727
15
727
15
727
15
727
15
814
660
814
660
814
1259
661
1374
831
1259
814
90
1159
90
1159
90
1335
1413
1335
1413
1335
1413
1335
1413
1335
1413
1335
1242
63
768
63
768
63
768
63
768
63
768
63
768
63
768
63
207
895
207
895
207
895
207
895
207
895
207
895
207
895
207
895
207
895
207
895
63
621
1199
621
1199
621
1199
621
69
774
69
774
69
774
69
621
69
621
69
621
69
63
1412
230
457
230
457
230
457
230
457
230
457
914
457
914
457
914
457
914
457
914
457
1064
1497
289
343
289
343
289
343
289
343
289
343
961
343
961
343
961
343
961
343
961
343
961
1010
961
1010
67
651
67
651
67
651
67
651
67
651
772
651
772
1224
772
1224
772
1224
772
1224
772
1224
772
1224
772
1224
772
1224
772
1224
772
432
1050
432
1050
432
1050
432
1050
432
1050
432
1050
432
1050
432
1050
432
1286
1359
1286
1359
558
1143
558
1143
558
1143
558
1143
558
1143
558
1143
558
1143
558
1143
240
921
240
921
240
921
240
921
240
1143
240
1143
240
1498
240
1498
240
1498
240
1498
224
471
224
471
224
471
224
471
224
471
224
471
908
471
908
471
908
471
908
471
908
471
908
1074
908
1074
908
1074
908
1498
908
1498
908
1498
128
212
128
212
128
212
128
212
829
212
829
212
829
212
829
212
829
212
899
212
899
1498
899
1498
899
136
836
136
836
136
836
1359
432
1359
400
1025
400
1025
400
1025
400
1025
400
1025
1359
836
1359
836
1359
836
1359
836
1359
836
1359
836
404
1028
404
1028
404
1028
404
1028
404
1028
404
1028
404
1028
404
1028
404
1028
1010
1497
1010
1497
1010
1497
1010
1497
1010
1028
1010
1028
1491
1064
1412
1064
1412
1064
1412
1064
1412
63
1426
450
1058
450
1058
450
1058
450
1058
450
1058
450
1058
1428
74
779
74
779
74
779
74
44
752
44
752
44
752
44
752
44
752
561
1146
561
1146
561
1146
561
752
561
752
561
752
561
752
561
1342
1420
1342
1420
1342
1420
1342
1420
1342
1420
1342
1420
1342
561
1342
561
1342
561
1342
422
1043
422
1043
422
1043
422
1043
422
1043
422
1342
422
1538
422
1538
422
1538
91
795
91
795
91
795
91
795
91
795
91
795
1323
1398
1323
1398
1323
1398
1323
1398
1323
1398
1323
1398
1323
1398
1323
1398
269
944
269
944
346
1013
346
1013
346
1013
944
1013
944
1013
944
1013
944
1013
47
755
47
755
47
755
47
1299
47
1299
47
1299
1373
1299
1373
1299
1373
1299
1373
1299
1373
1299
1373
1299
1373
1299
1373
1299
1398
101
802
101
802
101
802
101
802
101
802
101
802
101
802
101
802
1309
1383
1309
1383
1309
1383
1309
1306
1380
1306
1380
1306
1380
1306
1380
1306
1309
1306
1309
1306
1492
1306
1492
1431
1492
1431
1492
1431
1337
1415
1337
1415
1337
1415
1337
1415
1337
1415
1337
555
1140
555
1140
555
1140
555
1140
555
1140
555
1140
555
1140
555
1140
555
1140
1337
1140
1337
43
154
43
154
43
154
43
154
43
751
43
751
43
751
43
751
850
751
850
751
347
1014
347
1014
751
1014
399
1024
399
1024
399
1024
1493
1024
1493
1024
1493
1024
1493
1024
1493
1024
1493
1024
1493
1024
1014
434
1051
434
1051
434
1051
434
1051
434
1051
434
1051
434
1051
686
1252
686
1252
686
1252
1014
1252
1014
1252
1014
1313
1388
1313
1388
1313
1388
1313
1429
1313
1429
1313
1429
1313
1429
1313
1429
1313
1429
1313
1429
1432
486
1088
486
1088
486
1088
486
1088
486
1088
486
1088
1430
1088
1430
414
1036
414
1036
414
1036
414
1036
414
1036
414
1036
414
1036
1430
1036
1430
1036
802
1036
802
1431
1538
795
1538
795
1431
795
1431
398
1023
398
1023
398
1023
398
1023
398
1023
398
1023
398
1023
398
1023
667
1234
667
1234
667
1234
667
1234
1428
74
1428
74
1428
74
1428
74
1428
74
1428
74
1428
74
1428
1058
1428
1058
1426
1058
1426
1058
1426
1335
90
1335
1234
1335
1234
1335
1234
1335
1234
1431
1432
859
1233
1436
1110
484
1086
484
1086
484
1439
1288
1361
1288
1361
1288
1439
1288
1439
1288
1439
288
960
288
960
1439
960
1439
960
1439
1281
1354
1281
1354
1281
1354
1281
1354
1281
1354
1281
1354
1281
1354
1281
1354
1281
1354
1281
1354
1439
484
1439
484
1110
484
577
1160
577
1160
577
1160
577
1160
577
1160
577
1160
577
1160
577
1160
577
1160
1311
1385
1311
1385
1311
1385
1311
1385
1311
1385
1311
1385
1386
1385
1386
95
798
95
798
95
798
95
798
95
798
95
798
95
798
95
798
95
798
95
1386
601
1179
601
1179
601
1179
601
1179
601
1179
601
1179
601
1179
601
1179
601
1179
601
1179
1289
1179
1289
1363
1289
1363
1289
1363
1289
1363
1289
1363
1289
1363
1289
1363
1289
1363
1289
1363
1325
1401
1325
1401
1325
1401
1325
1401
1325
1401
1325
1401
1325
144
460
144
460
144
460
144
460
144
460
144
460
144
477
144
477
1325
477
1325
477
1325
477
1363
477
1363
477
962
477
962
1295
375
412
375
412
375
1535
272
947
272
947
272
947
272
947
1535
947
1535
947
1535
947
1535
947
1535
947
497
1096
497
1096
30
738
30
738
30
738
30
738
30
738
30
738
30
738
30
738
1096
1425
1096
1425
1096
1425
1096
1425
1282
1355
1282
1355
1282
1355
1282
1355
1570
1307
1381
1307
1381
1307
1381
1307
1381
1570
1381
1570
1381
1600
1381
1600
1381
1600
1381
1600
1425
397
1296
397
1296
278
953
278
953
278
953
278
953
278
953
278
953
1296
953
1296
953
1067
953
1067
815
1090
1184
1090
1184
1090
1184
1090
1184
1090
1184
1193
1184
1193
1184
1193
690
1193
690
1193
1067
815
1160
484
1233
87
790
87
790
1501
790
1501
790
1501
790
1501
790
1501
790
1501
790
1501
790
1501
790
17
729
17
729
790
729
814
729
814
729
814
729
814
729
1374
729
1374
338
1006
338
1006
338
1490
1489
1490
1489
1491
836
899
836
899
1487
1486
466
618
466
618
466
618
466
1196
1486
1196
624
183
624
183
624
1196
624
590
1170
590
1170
590
1170
590
1170
590
1170
590
1170
590
1170
352
1019
352
1019
148
845
148
845
148
1019
148
1019
148
1019
148
1019
148
1019
148
1019
148
1019
148
1019
148
1019
1170
1487
1170
1487
899
1487
899
1487
899
1487
61
62
61
62
61
62
61
62
286
287
286
287
286
287
286
287
286
287
286
109
809
109
809
109
809
109
810
109
810
109
810
109
810
1400
810
1400
810
1400
810
1400
810
1400
810
1400
527
1116
527
1116
527
1116
527
1116
527
1116
527
1116
527
1116
527
1488
527
1488
527
1488
527
1488
84
1327
1403
1327
1403
59
767
59
767
1403
767
1403
767
1403
767
1403
767
1403
137
837
137
837
137
837
58
766
58
766
58
766
58
766
58
610
1188
610
1188
610
1188
610
1188
610
1188
610
1188
610
1188
610
1188
610
1188
46
754
46
754
46
754
46
754
46
754
46
754
46
754
46
754
46
754
260
937
260
937
260
937
260
937
260
937
260
937
260
937
260
937
260
937
754
18
730
18
730
18
730
18
730
1563
369
388
369
388
369
388
369
388
369
388
369
595
369
595
1563
1521
1562
1521
1562
1521
169
864
169
864
169
411
1034
411
1034
411
1034
169
1034
169
1034
169
1034
169
1034
169
1034
1568
1569
1568
1569
1568
1569
1568
1569
1568
1520
1568
1520
1568
453
1060
453
1060
453
1060
453
1060
453
1060
223
228
223
228
642
228
642
912
642
912
642
912
642
1564
1293
1367
1293
1367
1293
1367
1293
1564
1293
1564
1293
1564
1293
1564
1293
1564
642
1060
642
1060
642
1060
642
1060
642
1060
1566
668
1235
668
1235
668
1565
668
1565
668
1565
1567
1522
1567
1522
1567
1522
1567
1522
1567
1522
1567
1522
1567
1522
1567
1565
1567
1566
215
459
1066
459
1066
215
1066
215
1066
215
1066
281
956
281
956
281
956
281
956
281
956
281
1513
177
364
177
364
177
364
177
364
177
364
177
364
177
364
1513
364
1513
364
1513
364
1513
1601
192
881
192
881
192
881
192
881
192
881
192
881
192
881
192
881
192
881
192
881
192
1601
1513
1601
317
988
317
988
317
988
317
988
317
281
317
281
317
281
317
281
1066
1568
249
927
249
927
249
927
249
927
249
927
249
927
249
927
249
927
249
927
249
141
840
141
840
141
840
249
1568
1521
1563
730
1563
730
1563
1568
1563
1559
1561
1560
1561
1560
1561
1560
1561
1547
1546
1547
1546
1547
1546
1547
1546
1547
1546
1547
1546
1547
1546
1547
1546
1547
1546
175
870
175
870
175
870
175
870
175
870
175
870
175
870
175
870
175
1545
382
513
382
513
382
513
382
513
382
513
382
513
382
513
382
513
382
513
382
513
382
513
1545
1548
1545
1548
1545
1546
164
860
164
860
164
860
164
860
164
860
164
860
164
860
164
860
164
860
164
860
164
514
515
514
515
514
515
1558
540
1127
540
1127
540
1127
540
1127
540
1127
540
1127
540
1558
540
1558
540
1558
540
1558
540
1558
515
1558
1561
1559
1558
530
1119
530
1119
530
1119
530
1119
530
1119
530
1119
530
1119
530
1119
530
1119
530
1119
124
825
124
825
124
825
124
825
124
825
124
1557
124
1557
124
1557
124
1557
124
510
1107
510
1107
510
557
1142
557
1142
238
919
238
919
238
919
238
919
238
919
238
1142
238
1142
238
1142
238
1142
238
510
238
510
1556
384
550
384
550
1556
550
1556
550
1556
550
321
991
321
991
321
991
321
991
321
991
321
220
905
220
905
220
905
220
905
220
905
220
905
220
905
220
905
550
632
1209
632
1209
632
1209
632
1209
1555
465
612
465
612
465
612
465
612
465
612
465
612
1190
612
1190
1446
1190
1446
1190
1446
1190
1446
1190
1446
1190
1446
1190
1446
1555
1446
1555
1446
1555
682
1248
682
1248
682
1248
682
1248
682
1248
103
435
103
435
103
435
103
435
103
435
103
435
103
435
103
435
804
435
804
435
804
435
804
1248
804
1248
804
1248
804
1343
1421
1343
1421
1343
1421
1553
1421
1553
1421
1553
1421
1553
1421
1553
1421
1553
1421
1553
1421
1553
1421
1553
1554
1553
1554
1552
580
1163
580
1163
580
1163
580
1163
580
1163
580
1552
580
1552
580
1552
580
1551
580
1551
580
1551
1554
1551
1554
1551
1554
1551
1554
1551
1554
1551
1554
393
1523
393
1523
393
1523
393
1523
1587
1529
1587
1529
1587
1529
1587
1529
1586
1529
1586
1529
1586
1529
1586
1584
1582
1577
13
1576
13
1576
13
1576
683
1249
683
1249
683
1249
683
1249
538
1125
538
1125
538
1125
538
1125
538
1125
1249
1125
1249
1125
1249
1125
905
550
1555
25
1576
1125
1576
1577
1582
1577
1582
1577
1582
1577
1582
1577
1582
1577
1582
1577
1578
419
1040
419
1040
419
1040
419
1040
1578
1040
1578
1040
1578
1040
1578
1040
246
925
246
925
246
925
246
925
246
925
246
327
997
327
997
327
997
327
997
246
997
246
997
246
997
246
997
246
997
232
916
232
916
232
916
232
916
232
1573
118
819
118
819
1573
819
1573
819
1573
819
1573
819
1573
819
1573
819
1573
232
1573
232
1573
232
1573
232
997
232
1596
108
808
108
808
108
1596
108
1596
108
1596
462
1068
462
1068
462
1040
462
1040
462
1596
462
1596
467
896
1187
896
1187
896
1187
896
1187
592
1172
592
1172
592
1172
592
1172
592
1172
592
1172
592
1172
430
1049
430
1049
430
1049
1172
1594
1579
498
1097
498
1097
1326
1402
1326
1402
1326
1402
1326
1402
1326
1402
1326
1097
1326
1097
1579
1097
1577
1097
1585
1528
1581
1528
1581
1528
1581
1528
1581
1528
1581
1528
1581
1528
1581
1528
1581
1528
1585
1528
1585
1528
1584
1589
1531
1589
1531
1589
1531
1589
1531
1589
1531
1589
1531
1589
1531
588
507
588
507
588
507
588
507
518
520
518
520
518
520
518
520
518
520
518
1411
518
1411
518
1411
518
1411
518
1411
533
1122
533
1122
533
1122
533
1122
1411
1122
1534
1533
1534
1533
1534
1533
1534
1533
1534
1533
1534
1533
1534
213
214
213
214
213
214
900
214
900
214
900
214
900
214
900
214
900
1336
1414
1336
1414
1336
1414
1336
900
1336
900
1336
900
1336
900
1336
1525
1532
1530
1532
1530
1532
1530
1532
1530
1532
1530
1532
1525
1532
1531
1532
1531
1532
1531
1532
1523
1555
550
1555
1523
1555
1523
1555
1523
1555
1523
1584
1097
1594
1097
1594
1097
1594
1097
1594
1097
1594
978
874
332
1001
332
1001
332
1001
584
1167
584
1167
584
1167
584
1167
584
1167
123
824
123
824
123
1167
123
1167
123
1167
123
1167
568
1152
568
1152
568
1152
568
1152
1167
1152
60
358
60
358
60
358
60
358
60
358
60
358
60
358
60
186
876
186
876
186
876
60
876
60
876
60
876
575
1158
575
1158
574
1157
574
1157
574
1157
574
1157
574
1157
574
1157
574
1157
574
1158
574
1158
574
1158
574
1158
586
1169
586
1169
586
1169
521
1112
521
1112
521
1112
521
1112
521
1112
521
1112
521
1169
521
1169
521
39
747
39
747
39
747
39
747
39
747
1310
1384
1310
1384
1310
1617
1310
1617
1310
1617
1310
1617
1310
1617
1310
747
1310
747
1310
747
1310
747
311
373
311
373
311
373
747
21
732
21
732
21
732
21
732
21
732
21
732
65
770
65
770
65
1616
65
1616
65
1616
65
1616
65
1616
65
1616
678
1244
678
1244
678
1244
678
1244
678
1244
678
1244
678
1244
678
1244
1616
747
1616
314
985
314
985
314
985
152
362
152
362
152
362
152
362
152
362
152
362
985
362
985
362
985
1616
985
1616
985
673
1239
673
1239
673
1239
673
1239
673
1239
673
1239
673
1239
673
1239
56
764
56
764
56
764
56
764
56
764
56
764
1239
764
1239
764
1158
876
1158
876
1152
1001
876
456
1063
456
1063
456
1063
1341
1419
1341
1419
1341
1419
1341
1063
876
1063
876
1063
764
1445
1444
1445
1444
1445
764
1445
1063
1445
162
858
162
858
162
858
162
858
162
858
162
858
162
202
891
202
891
202
891
202
162
202
162
202
1001
387
589
387
589
387
589
387
589
387
589
387
589
387
502
1100
502
1100
502
1100
502
1514
502
1514
502
1514
502
1514
502
1514
502
1514
389
633
389
633
389
633
389
633
389
633
1514
633
387
633
387
582
1165
582
1165
582
1165
679
1245
679
1245
679
1245
679
1165
679
1165
679
1165
679
1165
71
776
71
776
71
776
71
776
71
776
71
776
71
776
71
776
8
396
8
396
8
396
8
396
8
396
8
703
8
703
8
703
8
703
8
703
8
703
776
703
428
1048
428
1048
428
1048
428
1048
428
1607
446
1055
446
1055
446
1055
446
1055
446
1055
446
1055
446
1055
446
1055
446
1055
446
1537
446
1537
1607
1537
428
1537
703
1537
703
1537
1608
1537
1608
1537
1608
1537
1608
1537
1608
1606
1603
1606
1603
1606
326
996
326
996
326
996
326
1605
326
1605
326
1605
326
1605
326
1605
326
1605
326
1605
316
987
316
987
316
987
1605
987
1605
987
206
894
206
894
206
894
206
894
206
987
206
987
206
987
206
987
206
987
1602
529
1118
529
1118
529
1118
529
1118
529
1118
529
1118
529
1118
529
1118
529
1118
173
868
173
868
173
868
173
868
173
868
173
868
173
1118
173
1118
173
1598
1347
1406
1347
1406
1347
1406
1347
1406
1347
1406
1347
1598
1347
1598
1347
1598
1347
1599
9
722
9
722
9
722
9
1599
9
1599
9
1599
9
197
886
197
886
197
886
197
886
197
886
197
886
9
886
9
1602
171
867
171
867
171
867
171
867
171
867
171
867
171
867
171
867
171
867
171
867
375
867
375
1295
375
1425
1600
1425
1600
1425
1600
1425
1600
1425
1600
375
1602
1606
1165
387
1165
1606
1608
1606
1608
1606
1608
1606
1608
1606
1608
1606
1602
375
1602
375
1602
375
1602
375
1602
1609
1602
1609
1613
1297
1371
1297
1371
1297
1371
1297
1371
1297
1371
1297
1371
1297
1371
1297
1371
1297
1371
1297
1621
391
654
391
654
142
841
142
841
142
841
142
841
142
841
142
841
654
841
654
1615
654
1615
654
1615
654
1615
654
1615
440
441
440
441
440
1052
440
1052
440
1052
560
1145
560
1145
560
1145
560
1145
560
1145
560
1145
560
1145
560
1280
1350
1280
1350
1280
1350
1280
1350
1280
1350
1280
1350
1280
1350
1052
1615
1052
1615
1052
1350
1052
1350
1052
1350
1052
1621
1613
1621
1613
1621
1613
1621
1613
1621
1613
1621
1613
1621
1613
1609
484
1233
484
1609
484
1609
484
1374
1491
1489
1491
1489
62
1489
535
1488
84
1403
84
1403
1545
1546
1558
1550
299
972
299
972
299
972
644
1217
644
1217
972
1217
972
1217
1549
354
1021
354
1021
354
1021
1549
1021
1549
1021
1549
1021
1549
1217
1549
1217
1549
1217
1549
1217
1549
1217
567
1151
567
1151
567
1151
567
1151
567
1217
567
1217
567
1550
567
319
989
319
989
319
989
319
567
319
567
1524
519
1111
519
1111
519
1111
519
1111
519
1111
519
1111
519
1111
519
1111
519
1111
519
1111
7
721
7
721
7
721
7
536
1124
536
1124
536
1124
536
7
536
7
536
7
536
7
536
7
536
7
1526
1542
1526
1542
1526
1542
1526
554
1139
554
1139
1526
1139
1526
7
1526
380
444
380
444
494
495
494
495
494
495
494
1094
494
1094
494
1094
494
407
1031
407
1031
407
494
444
1526
444
1526
444
1526
444
275
950
275
950
275
950
351
1018
351
1018
351
1018
351
1018
573
1156
573
1156
573
1156
573
1156
573
1018
573
1018
573
1018
573
401
423
401
423
401
423
401
423
401
423
401
423
401
423
401
423
401
423
401
1044
401
1044
112
813
112
813
112
813
1044
813
1044
573
1044
950
1044
950
1044
950
1044
950
1044
950
1044
950
241
922
241
922
241
922
241
922
241
229
913
229
913
229
913
229
913
229
913
229
241
229
241
229
241
229
241
229
296
969
296
969
402
1026
402
1026
402
1026
427
1047
427
1047
427
1047
427
1047
427
1047
1026
1047
1026
1047
1026
969
1026
969
1026
969
1026
969
1026
969
454
1061
454
1061
454
1061
454
1061
454
1061
454
1061
454
598
1177
598
1177
598
1177
454
1177
157
854
157
854
157
854
157
854
157
854
157
854
157
854
157
854
157
854
157
854
1177
854
1177
969
543
1129
543
1129
146
843
146
843
146
843
146
843
146
843
146
843
146
843
146
843
146
843
146
843
146
1129
969
1129
969
1129
969
1177
1527
512
1109
512
1109
126
827
126
827
126
827
126
410
1033
410
1033
410
1033
410
126
410
126
410
126
410
126
410
258
935
258
935
258
267
942
267
942
267
942
267
942
267
942
267
942
267
662
1230
662
1230
662
1230
702
1265
702
1265
702
1265
702
1265
702
1265
1230
1265
1230
1265
239
920
239
920
239
920
239
210
1328
1404
1328
1404
1328
1404
1328
1404
1328
210
1328
210
1328
210
1328
210
1328
210
571
1154
571
1154
571
1154
571
55
763
55
763
571
763
1265
267
637
1212
637
1212
637
1212
637
1212
637
1212
637
1212
333
1002
333
1002
333
1002
333
1002
333
1002
333
1002
333
1002
333
1002
333
708
1270
708
1270
708
1270
708
1270
708
1270
708
1270
708
1270
708
1270
1212
1451
1212
1451
1277
1346
1277
1346
1277
1346
1277
1346
1277
1346
1277
1346
337
374
337
374
337
374
337
374
337
374
337
374
1346
374
1346
763
78
634
204
634
204
522
204
522
204
522
270
945
270
945
270
1301
1375
1301
1375
1301
1375
479
1081
479
1081
479
1081
479
1081
479
1081
479
1375
479
1375
479
218
903
218
903
218
903
218
903
270
24
733
24
733
24
733
24
270
24
36
744
36
744
36
744
36
744
36
1483
36
1483
255
933
255
933
255
933
255
933
255
933
24
903
24
903
24
903
415
1037
415
1037
415
1037
415
1037
415
1037
415
1037
415
1037
415
1037
415
1037
415
1037
415
1037
1484
193
882
193
882
193
882
193
882
193
1484
193
1484
193
1484
193
1484
193
1484
14
726
14
726
14
726
14
726
14
726
14
726
14
726
14
726
933
726
933
726
933
726
933
1481
328
998
328
998
328
998
328
998
328
998
328
998
328
998
403
1027
403
1027
403
1027
403
1027
1482
1027
1482
1027
1482
1027
1482
1027
1482
1027
1482
998
1482
998
482
1084
482
1084
482
1084
539
1126
539
1126
539
1126
1084
1126
242
923
242
923
242
923
242
923
242
923
242
923
242
923
242
923
242
923
285
959
285
959
285
959
509
1106
509
1106
509
1106
509
153
849
153
849
153
849
153
849
509
849
509
849
509
849
509
849
959
706
1268
706
1268
413
1035
413
1035
413
1035
413
1035
413
1268
413
1268
413
1268
2
717
2
717
2
717
2
717
2
717
1268
717
1268
717
1268
717
1268
717
1268
717
1268
717
1466
1464
1466
1464
1466
1464
1466
1464
1466
1464
1466
1464
1466
508
1105
508
1105
508
1105
508
1105
508
1466
508
1466
707
1269
707
1269
707
1269
1463
1269
1463
1269
1463
1269
599
322
992
322
992
322
31
739
31
739
31
739
31
739
31
739
31
418
250
928
250
928
1462
928
1462
928
1462
928
1462
928
1462
259
936
259
936
259
936
259
936
259
936
1462
418
31
322
31
322
31
322
31
322
599
322
599
322
1460
322
1460
322
1460
376
1422
376
1422
376
719
376
719
792
959
923
959
406
1030
406
1030
406
1030
406
1030
406
1030
406
1030
1126
1030
1126
1030
1126
1030
959
1030
959
1030
959
1477
1478
1477
1478
1477
1478
1477
1478
1477
1478
1477
1478
1477
1478
1477
1478
1477
1478
1477
1478
1477
1478
959
579
1162
579
1162
579
1162
579
1162
579
1485
579
1485
579
1485
579
959
579
1479
1487
1479
429
1479
429
1476
792
100
763
522
763
1451
1270
1451
763
1451
763
1451
258
410
258
410
258
410
258
1109
258
1109
258
1484
3
594
3
594
3
594
3
594
3
594
655
594
655
1174
655
1174
655
1174
655
1174
655
1174
655
1174
340
408
340
408
340
408
340
408
340
1174
340
1400
1488
535
1488
535
1489
535
1518
750
1518
750
1518
750
1518
70
775
70
775
1519
926
1066
926
1066
1566
1066
1566
1066
1566
1563
1403
1563
775
1518
535
1518
535
1518
535
1518
535
1518
535
1518
535
1518
535
1400
340
1400
340
1400
340
1524
1558
1524
1558
1524
340
1524
1563
1566
1563
1524
444
1527
1484
276
951
276
951
276
951
276
951
276
951
276
951
1484
951
1484
951
1527
544
1130
544
1130
544
1130
544
1130
544
1130
544
1130
544
1130
544
1130
544
1130
544
1130
544
670
1237
670
1237
670
1237
670
1448
670
1448
670
1448
670
1448
534
1123
534
1123
534
1123
1448
1123
1448
1123
1448
1123
1448
1123
1448
1123
1336
1534
1336
1534
92
1592
92
1592
92
1592
92
1592
92
1592
92
1534
92
1534
92
1123
92
1123
92
1123
1584
1324
1352
1324
1352
1324
1399
1324
1399
1324
202
1001
202
1001
202
1001
1445
656
1227
656
1227
656
1227
656
1227
656
1227
656
532
1121
532
1121
532
1121
532
1121
532
1121
532
1121
532
1121
532
1121
532
1121
532
1121
237
368
237
368
237
368
237
368
237
368
237
1544
237
1544
237
1544
237
1544
237
1544
237
1544
1121
656
1284
1357
1284
1357
1284
1357
1284
1357
345
1012
345
1012
345
1012
345
1012
345
1012
345
1357
345
1357
345
1357
345
1614
11
723
11
723
1614
280
955
280
955
280
955
280
955
280
955
280
955
280
955
280
955
178
365
178
365
955
365
503
1101
503
1101
503
499
1098
499
1098
499
1098
503
1098
503
1098
503
1098
503
570
1153
570
1153
570
378
438
378
438
378
570
503
1614
503
1614
1445
1614
1445
1614
1001
1512
1001
1512
1324
1512
1324
1512
1324
1512
1324
1614
1374
1426
1374
1426
1432
1426
1432
1426
1432
792
100
792
719
1432
1614
719
1614
