x
1
716
20
731
243
244
318
370
405
1029
26
735
100
1319
1394
78
431
613
1191
522
1113
692
1258
634
1210
166
204
279
954
53
761
205
853
893
158
855
701
1264
194
883
1481
353
1020
83
787
328
998
403
1027
1482
482
1084
539
1126
242
923
285
959
509
1106
153
849
508
1105
706
1268
413
1035
2
717
1466
1464
707
1269
342
1009
531
1120
1465
1463
1332
1409
447
1056
542
681
1247
284
958
1460
390
636
1459
635
1211
464
1069
448
1057
394
694
463
315
452
986
1457
1543
1458
1276
1344
420
1041
1330
1407
1303
1377
528
1117
184
366
185
198
887
187
196
885
505
523
1103
458
1065
310
982
1283
1356
348
1015
22
356
1453
188
877
381
449
548
1134
1443
93
796
1452
167
863
225
909
1353
1362
1423
712
1273
256
282
934
29
737
160
161
857
442
1053
1454
32
740
1455
424
1045
663
1231
638
1213
236
501
1099
337
374
1277
1346
571
1154
1328
1404
210
239
920
637
1212
333
1002
708
1270
1451
267
942
662
1230
702
1265
55
763
258
935
410
1033
126
827
512
1109
1527
229
913
241
922
351
1018
573
1156
401
423
1044
112
813
275
950
544
1130
670
1237
1448
534
1123
543
1129
146
843
296
969
402
1026
427
1047
454
1061
598
1177
157
854
407
1031
494
495
1094
380
444
554
1139
1526
1542
536
1124
7
721
519
1111
408
340
3
594
655
1174
193
882
1484
415
1037
218
903
1301
1375
479
1081
270
945
24
733
36
744
1483
255
933
14
726
1485
352
1019
148
845
579
1162
406
1030
1478
1477
429
1474
517
1480
107
807
292
964
226
910
1427
417
1039
209
897
1315
1390
120
821
1316
1391
121
822
504
1102
201
890
608
1186
245
924
648
1221
1329
1405
559
1144
150
847
110
490
811
1091
476
1079
174
869
583
1166
40
233
748
917
603
1181
1539
641
1216
134
834
1538
422
1043
44
752
561
1146
1342
1420
74
779
1428
450
1058
1426
336
1005
496
1095
1496
587
301
974
602
1180
320
990
16
19
728
1345
1495
676
1242
485
1087
472
1075
689
1255
130
585
831
1168
639
1214
1290
1364
1504
133
833
68
773
82
786
271
946
1334
1412
230
457
914
1064
1497
289
343
961
1010
67
651
772
1224
432
1050
1286
1359
558
1143
240
921
1498
224
471
908
1074
128
212
829
899
136
836
404
1028
1491
338
1006
1490
1489
61
62
286
287
109
809
810
1400
527
1116
1488
84
1327
1403
59
767
137
837
58
766
610
1188
46
754
260
937
70
775
216
902
211
898
104
359
102
803
1517
628
1205
383
537
397
1351
6
720
1296
1370
552
1137
325
445
995
1054
664
1232
278
953
272
947
1535
375
412
385
566
622
1200
625
1202
616
1194
75
780
1295
1369
392
665
290
962
1437
1604
1603
1285
1358
1606
1607
446
1055
1537
428
1048
8
396
703
71
776
582
1165
679
1245
326
996
1605
316
987
206
894
1602
529
1118
173
868
1598
1347
1406
1599
9
722
1514
502
1100
389
633
235
367
305
978
685
1251
1511
165
861
658
659
208
896
564
1149
1597
268
943
251
929
467
1070
341
1008
609
1187
38
746
1595
1594
179
872
1593
591
1171
430
1049
592
1172
332
1001
181
862
874
1340
1418
386
569
1612
200
889
387
589
1322
1397
1611
172
363
657
1228
1278
1348
1610
620
1198
1613
257
371
1536
1297
1371
1621
391
654
142
841
560
1145
1280
1350
440
441
1052
1615
1617
1310
1384
39
747
311
373
678
1244
1616
21
732
65
770
11
723
1614
345
1012
1284
1357
656
1227
532
1121
237
368
1544
280
955
178
365
503
1101
499
1098
570
1153
378
438
152
362
314
985
673
1239
56
764
574
1157
575
1158
586
1169
521
1112
1618
94
797
1620
1619
180
873
483
1085
568
1152
584
1167
123
824
186
876
60
358
456
1063
1341
1419
162
858
202
891
611
1189
1447
604
1182
1580
300
973
1584
1583
1582
1577
195
884
13
725
1574
1575
49
757
1512
274
949
455
1062
64
769
671
672
1238
1572
252
930
118
819
1573
232
916
327
997
246
925
419
1040
1578
1326
1402
498
1097
1579
462
1068
108
808
1596
197
886
192
881
1601
177
364
1513
317
988
281
956
1307
1381
1570
1282
1355
1312
1387
248
926
478
1080
469
1072
546
1132
556
1141
1520
1569
1568
411
1034
169
864
1521
1562
1559
1564
1293
1367
1565
668
1235
223
228
642
912
453
1060
1566
1567
1522
220
905
321
991
384
550
1556
632
1209
1555
465
612
1190
1446
682
1248
103
435
804
1343
1421
1553
1554
1552
580
1163
1551
238
919
557
1142
510
1107
1557
124
825
530
1119
1558
540
1127
1560
1561
1547
1546
175
870
1545
382
513
514
515
164
860
644
1217
299
972
1550
567
1151
1549
354
1021
1524
1548
369
388
595
1563
18
730
141
840
249
927
1519
551
1136
1308
1382
459
1066
215
901
627
1204
684
1250
168
865
1571
553
1138
538
1125
683
1249
1576
25
734
596
1175
81
785
1587
1529
1588
1590
1591
393
693
1523
1525
1532
1530
1586
1581
1528
1585
1324
1352
1399
1589
1531
588
507
518
520
1411
533
1122
1534
1533
213
214
900
1336
1414
319
989
535
1518
129
830
631
1208
614
1192
42
750
72
777
1305
1379
1516
475
1078
85
788
674
1240
480
1082
304
547
977
1133
629
1206
615
1193
1503
303
976
619
1197
690
1256
50
231
758
915
1279
1349
105
805
253
931
1314
1389
97
800
1294
1368
77
782
298
971
675
1241
1505
330
1000
33
741
488
489
1090
227
911
607
1185
57
765
1509
159
856
106
806
1508
1438
1333
1410
95
798
1311
1385
1386
601
1179
1289
1363
1325
1401
144
460
477
1609
562
1147
1608
306
372
12
724
293
965
1515
171
867
497
1096
30
738
1425
1600
461
1067
189
878
653
1226
1510
73
778
234
918
1424
131
360
132
832
114
815
86
789
344
606
1011
1184
593
1173
329
331
999
715
1275
283
957
511
1108
17
729
1501
87
790
155
851
1500
111
437
812
695
1259
661
691
1257
76
781
79
783
149
846
309
981
1300
1374
15
113
727
814
660
1229
45
753
1499
90
794
41
545
749
1131
487
1089
273
948
1494
1335
1413
667
1234
398
1023
686
1252
434
1051
347
1014
43
154
751
850
1337
1415
555
1140
399
1024
1493
1313
1388
1429
1432
486
1088
1430
414
1036
1306
1380
1309
1383
1492
346
1013
269
944
1323
1398
47
755
1299
1373
1431
101
802
91
795
541
1128
481
1083
451
1059
421
1042
308
980
302
975
1540
400
1025
621
1199
69
774
207
895
63
768
135
576
835
1159
416
1038
1502
506
1104
99
801
645
1218
491
1092
492
89
791
793
1433
666
1233
409
1032
687
1253
1507
66
771
1434
115
816
1436
623
1201
1287
1360
516
1110
199
888
484
1086
1439
1288
1361
1281
1354
577
1160
288
960
1435
649
1222
677
1243
700
1263
1506
98
470
1073
493
1093
163
859
1487
1486
466
618
1196
624
183
590
1170
1479
276
951
88
792
549
1135
1449
643
1461
138
379
443
599
145
217
361
322
992
31
739
418
250
928
1462
259
936
395
699
376
433
600
1178
1422
355
1022
140
839
349
1016
1473
597
1176
474
1077
617
1195
295
968
307
979
264
940
705
1267
572
1155
1472
425
426
1046
127
828
122
823
339
1007
704
1266
1476
1441
1475
500
1291
1365
710
1541
261
262
938
1331
1408
698
1262
324
994
35
743
524
525
1114
52
760
37
745
646
1219
1304
1378
647
1220
1321
1396
139
838
1338
1416
277
952
650
1223
1339
1417
48
756
156
852
219
904
190
879
468
1071
265
266
941
10
711
1272
54
762
294
967
143
842
1298
1372
640
1215
1317
1392
473
1076
151
848
1292
1366
96
799
147
844
630
1207
34
742
116
817
1467
563
1148
27
736
688
1254
526
1115
334
1003
1468
669
1236
313
984
581
1164
125
826
626
1203
191
880
1302
1376
1320
1395
254
932
170
866
565
1150
350
1017
80
784
312
983
1470
297
970
119
439
820
652
1225
4
718
1469
709
1271
263
939
291
963
182
875
680
1246
1440
28
713
335
1004
1471
51
759
221
906
578
1161
117
818
247
966
1450
696
1260
176
871
697
1261
323
993
1318
1393
203
892
714
1274
605
1183
5
719
377
436
1442
222
907
1456
23
357
92
1592
1444
1445
