x
1
716
20
731
243
244
318
370
405
1029
26
735
936
259
1462
250
928
418
31
739
100
1319
1394
78
431
613
1191
763
55
571
1154
1328
1404
920
239
637
1212
333
1002
708
1270
1527
512
1109
126
827
410
1033
258
935
267
942
1265
702
662
1230
210
1451
374
337
1277
1346
522
1113
692
1258
634
1210
166
204
279
954
53
761
787
83
353
1020
255
933
36
744
726
14
1483
24
733
270
945
1301
1375
1081
479
218
903
415
1037
1484
193
882
655
3
594
1174
340
408
519
7
721
536
1124
1526
1542
554
1139
380
444
494
495
1094
407
1031
275
950
351
1018
423
401
1044
112
813
543
1129
146
843
854
157
454
1061
1177
598
427
1047
402
1026
296
969
241
922
913
229
573
1156
544
1130
1123
534
670
1237
1448
1533
1534
1122
533
1411
518
520
92
507
588
1592
1531
1589
1581
1528
1586
1529
1588
1590
1591
393
693
1523
81
1587
1532
1530
1525
900
213
214
1336
1414
1554
1553
103
435
804
682
1248
465
612
1190
1446
1555
632
1209
321
384
550
1556
1421
1343
1552
580
1163
1551
919
238
557
1142
510
1107
1557
124
825
530
1119
1558
540
1127
1560
860
164
514
515
382
513
1545
1548
354
1524
1111
989
319
567
1151
299
972
1550
644
1217
1549
1021
175
870
1546
1547
1561
1559
1562
1521
369
388
595
1563
840
141
249
927
1569
1568
411
1034
169
864
1564
1293
1367
1565
668
1235
1566
1060
453
223
228
642
912
1567
1522
220
905
991
1249
683
538
1125
1571
553
1138
1575
1574
13
725
195
884
1577
1576
25
734
596
1175
785
1582
1583
1584
300
973
1580
604
1182
1324
1352
1399
1585
1447
1579
498
1097
1326
1402
1578
419
1040
1596
108
808
1594
1595
38
746
1008
341
609
1187
592
1172
430
1049
1171
591
1593
611
1189
179
872
462
1068
246
925
327
997
232
916
1573
118
819
1572
252
930
671
672
1238
64
769
455
1062
1512
274
949
49
757
168
865
684
1250
627
1204
215
901
1520
556
1141
546
1132
469
1072
478
1080
248
926
1382
1308
459
1066
956
281
1513
177
364
988
317
1601
192
881
197
886
268
943
1597
251
929
564
1149
467
1070
208
896
658
659
165
861
685
1251
1511
589
387
200
889
1612
1322
1611
172
363
657
620
1613
257
371
1536
1297
1371
1621
391
654
1615
142
841
560
1145
1052
440
441
1280
1350
732
21
65
770
11
723
1614
345
1012
1284
1357
656
1227
532
1121
237
368
1544
280
955
178
365
1101
503
499
1098
570
1153
378
438
362
152
314
985
678
1244
1616
39
747
1617
1310
1384
311
373
673
1239
56
764
1445
1444
1419
1341
456
1063
575
1158
891
202
162
858
123
824
584
1167
568
1152
60
358
186
876
574
1157
586
1169
521
1112
1618
94
797
1620
1619
180
873
483
1085
1397
386
569
1340
1418
1001
332
181
862
874
305
978
235
367
389
633
1514
502
1100
722
9
1599
1598
1347
529
1118
173
868
171
867
1602
206
1406
894
316
987
1605
326
996
679
1245
1165
582
1606
1285
1358
1537
446
1055
1607
428
1048
8
396
703
776
71
1278
1348
1228
1198
1610
12
724
306
372
1608
562
1147
1603
1604
293
965
1515
1437
1609
290
962
392
665
1295
1369
75
780
385
375
412
1535
497
1096
30
738
1425
1600
1381
1307
1570
1282
1355
1312
1387
551
1136
1519
102
104
359
211
898
216
902
70
775
260
937
46
754
610
1188
58
766
730
18
137
837
59
767
1327
1403
84
1488
535
527
1116
109
809
810
1400
286
287
61
62
1489
1490
338
1006
1491
404
1028
67
289
1497
230
457
914
1064
621
207
895
63
768
496
336
1005
1426
1059
451
421
1042
308
980
302
975
1540
400
1025
558
136
836
1498
128
829
899
1479
1477
1478
406
1030
242
482
403
328
998
701
1264
1481
194
883
205
853
893
158
855
792
88
549
1135
1449
643
145
217
361
322
992
1461
138
379
443
599
542
681
1460
284
958
1247
447
1056
1332
1409
1463
531
1120
1465
342
1009
707
1269
1464
1466
2
717
413
1035
706
1268
508
1105
509
1106
849
153
285
959
923
1084
539
1126
1027
1482
579
1162
148
845
352
1019
1485
590
1170
1486
466
618
1196
624
183
276
951
1487
212
908
224
471
1074
240
921
1143
1286
1359
432
1050
651
1224
772
1010
343
961
1199
69
774
1095
1496
587
301
974
990
320
602
1180
676
1242
1495
16
19
728
1345
1335
1413
1494
487
1089
753
45
1499
135
576
835
1159
416
1038
1502
506
1104
859
163
493
1093
491
1092
492
645
1218
99
801
98
470
1073
1506
700
1263
1243
677
89
791
793
1433
666
1233
409
1032
1253
687
1507
66
771
1436
115
816
1287
1360
516
1110
199
888
1201
623
1434
1435
649
1222
330
1000
1505
298
971
33
741
488
489
1090
227
911
607
1185
57
765
1509
159
856
106
806
1508
1438
1333
1410
95
798
1311
1385
144
460
477
1325
1401
601
1179
1289
1363
1386
577
1160
1288
1361
960
288
1439
484
1086
1281
1354
114
815
132
832
1424
131
360
234
918
73
778
789
86
653
1226
1510
189
878
461
1067
1194
616
625
1202
622
1200
566
272
947
1296
1370
552
1137
720
6
397
1351
383
537
628
1205
1517
803
325
445
995
1054
278
953
1232
664
475
1078
1516
72
1305
1379
750
42
614
1192
1208
631
129
830
1518
777
85
788
674
1240
977
304
547
1133
480
1082
1206
629
615
1193
619
1197
1256
690
303
976
1503
50
231
758
915
1279
1349
105
805
1374
1300
253
931
1314
1389
97
800
1184
344
606
1011
675
1241
77
782
1294
1368
593
1173
329
331
999
715
1275
283
957
790
87
1501
17
729
511
1108
309
981
149
846
79
783
76
781
691
1257
1364
639
68
773
786
82
271
946
1334
1412
1087
485
472
1075
689
1255
130
585
1168
831
1214
1290
1504
133
833
661
695
1259
111
437
812
1500
155
851
15
113
727
814
660
1229
90
794
41
545
749
1131
273
948
667
1234
398
1023
686
1252
434
1051
347
1014
1140
555
1337
1415
1299
47
755
1373
346
1013
802
101
1309
1383
1306
1380
414
1036
1430
486
1088
1432
1313
1388
1429
1493
399
1024
43
154
751
850
1431
1492
269
944
1323
1398
91
795
641
1216
40
233
917
748
1539
603
1181
583
1166
834
134
1538
110
490
811
1091
847
150
559
1144
648
1221
1329
1405
245
924
608
1186
201
890
869
174
476
1079
422
1043
44
752
1420
1342
561
1146
74
779
1428
450
1058
1083
481
541
1128
504
1102
121
822
120
821
1316
1391
1315
1390
209
897
226
910
1039
417
1427
292
964
107
807
1480
429
1474
517
1441
1475
704
1266
1476
572
1155
1007
339
122
823
127
828
705
1267
264
940
1472
425
426
1046
307
979
500
295
968
617
1195
474
1077
597
1176
1473
349
1016
1291
1365
892
203
1318
1393
1274
714
323
993
697
1261
696
1260
966
247
1450
176
871
139
838
1321
1396
1338
1416
277
952
650
1339
1417
646
37
745
52
760
524
525
1114
80
784
350
1017
565
1150
170
866
191
880
1302
1376
1320
1395
254
932
1254
688
27
736
563
1148
1467
116
817
34
742
605
1183
1207
630
147
844
96
799
1292
1366
334
1003
526
1115
1468
669
1236
1317
1392
848
151
473
1076
1298
1372
1215
640
143
842
294
967
54
762
1203
626
125
826
581
1164
313
984
10
711
1272
265
266
941
468
1071
879
190
1440
182
875
1246
680
4
718
963
291
263
939
709
1271
1469
652
1225
970
297
1470
312
983
1471
51
759
221
906
818
117
578
1161
1004
335
28
713
119
439
820
156
852
904
219
48
756
1223
1219
1304
1378
647
1220
698
1262
743
35
324
994
1331
1408
261
262
938
710
1541
140
839
355
1022
600
1178
1422
433
376
395
699
448
1057
464
1069
1211
635
1459
390
636
463
394
694
5
719
436
377
1442
222
907
1456
23
357
1457
1543
315
452
986
1458
1276
1344
420
1041
1330
1407
1303
1377
528
1117
184
366
185
198
887
885
187
196
505
523
1103
458
1065
310
982
1283
1356
348
1015
934
256
282
712
1273
1362
1423
1353
225
909
167
863
1452
93
796
1134
548
381
449
1443
188
877
1453
22
356
29
737
160
161
857
442
1053
1454
32
740
1455
424
1045
1231
663
638
1213
1099
501
236
