x
716
1
20
731
318
244
243
370
405
1029
735
26
259
936
1462
250
928
31
739
418
100
1319
1394
78
431
613
1191
55
763
1154
571
1404
210
239
920
1212
637
1002
333
708
1270
1527
512
1109
126
827
1033
410
258
935
942
267
1230
662
702
1265
1328
1451
337
374
1346
1277
522
1113
692
1258
1210
634
166
204
279
954
53
761
83
787
1020
353
933
255
14
726
1483
744
36
24
733
945
270
1375
1301
479
1081
903
218
415
1037
1484
882
193
655
3
1174
594
340
408
519
7
721
1124
536
1526
1542
554
1139
380
444
1094
494
495
407
1031
950
275
351
1018
1156
573
1044
423
401
1129
543
843
146
157
854
1177
598
454
1061
1047
427
1026
402
296
969
913
229
922
241
813
112
1123
534
1130
544
670
1237
1448
1533
1534
1122
533
1411
518
520
92
507
588
1592
1531
1589
1528
1581
1586
1529
1588
1590
1591
693
393
1523
81
1587
1530
1532
1525
213
214
900
1336
1414
1554
1553
804
103
435
1248
682
1190
612
1446
465
1555
632
1209
991
384
550
1556
1343
1421
1163
580
1552
1551
238
919
557
1142
510
1107
1557
825
124
530
1119
1558
540
1127
1560
860
164
515
514
382
513
1548
354
1021
1524
1111
319
989
567
1151
1550
972
299
644
1217
1549
1545
175
870
1546
1547
1561
1559
1562
1521
595
369
388
1563
141
840
249
927
1569
1568
864
169
1034
411
228
1564
1293
1367
1235
668
1566
1060
453
912
223
642
1565
1567
1522
220
905
321
1249
683
538
1125
1571
553
1138
1575
1574
725
13
1577
884
195
1576
734
25
1175
596
785
1582
1583
1584
973
300
1580
1182
604
1447
1585
1399
1324
1352
1579
1326
1097
1402
498
1578
419
1040
1596
108
808
1594
1595
746
38
1008
341
609
1187
1172
592
430
1049
591
1171
1593
1189
611
179
872
462
1068
925
246
997
327
232
916
1573
819
118
252
930
1572
1238
671
672
769
64
1062
455
274
949
1512
757
49
168
865
684
1250
1204
627
901
215
1520
1141
556
1132
546
1072
469
478
1080
248
926
1382
1308
459
1066
956
281
1513
364
177
317
988
1601
881
192
197
886
268
943
251
929
1597
564
1149
1070
467
208
896
659
658
861
165
1251
1511
685
387
589
200
889
1612
1397
1611
363
172
1228
657
1613
1536
371
257
1371
1297
1621
1615
654
391
142
841
1145
560
441
1052
440
1350
1280
732
21
65
770
11
723
1614
1012
345
1284
1357
656
1227
1121
532
1544
368
237
955
280
178
365
503
1101
499
1098
1153
570
378
438
362
152
314
985
1244
678
1616
1384
1617
1310
39
747
311
373
673
1239
764
56
1445
1444
1341
1419
456
1063
1158
575
202
891
858
162
824
123
584
1167
1152
568
358
60
186
876
574
1157
586
1169
1112
521
1618
94
797
1620
1619
873
180
483
1085
1322
386
569
1340
1418
332
1001
862
181
874
978
305
367
235
389
633
1514
1100
502
722
9
1599
1598
1347
1406
173
868
171
867
529
1118
1602
894
206
316
987
1605
326
996
582
1165
1245
679
1606
1358
1285
1607
1537
1055
446
1048
428
776
71
396
703
8
1348
1278
1198
620
1610
12
724
372
306
1608
562
1147
1609
1437
1604
1603
293
965
1515
290
962
392
665
1369
1295
75
780
385
566
412
375
1096
497
1425
738
30
1600
1307
1381
1570
1355
1282
1387
1312
551
1136
1519
102
104
359
211
898
902
216
70
775
937
260
46
754
1188
610
766
58
730
18
837
137
59
767
1327
1403
84
1488
535
527
1116
109
810
809
1400
286
287
61
62
1489
1490
338
1006
1491
404
1028
651
1224
914
1064
457
230
1497
621
895
207
63
768
1496
336
1005
1426
1059
451
1042
421
308
980
975
1540
302
400
1025
1143
136
836
899
128
829
212
1479
1478
1477
1030
406
1084
482
1027
328
998
194
883
1481
701
1264
893
205
853
158
855
88
792
1135
549
1449
992
322
361
217
145
643
1461
599
138
379
443
1247
542
681
284
958
1460
447
1056
1409
1332
1463
1465
531
1120
1009
342
707
1269
1464
1466
717
2
1035
413
706
1268
1105
508
153
849
1106
509
285
959
242
923
539
1126
403
1482
1162
579
845
148
1485
352
1019
1170
590
618
1196
466
183
951
276
624
1486
1487
908
471
224
1074
1498
240
921
558
1359
1286
432
1050
772
67
343
289
1010
961
1199
69
774
496
1095
587
301
974
990
320
1180
602
676
1242
1495
1345
728
16
19
1335
1413
487
1089
1494
45
753
1499
135
835
576
1159
1038
416
1502
1104
506
163
859
493
1093
1092
491
492
645
1218
801
99
98
1073
470
677
1243
700
1263
1506
89
791
793
1433
666
1233
1032
409
1253
687
1507
66
771
1436
816
115
1360
1287
516
199
888
1110
623
1201
1434
1435
1222
649
330
1000
1505
971
298
741
33
489
1090
488
227
911
607
1185
57
765
1509
856
159
106
806
1508
1438
1333
1410
95
798
1385
1386
477
460
144
1401
1325
1289
1363
601
1179
1311
1160
577
960
288
1361
1288
1439
484
1086
1354
1281
815
114
832
132
131
360
1424
918
234
86
789
73
778
1510
1226
653
189
878
1067
461
1194
616
625
1202
622
1200
1535
272
947
1296
1370
552
1137
6
720
397
1351
628
1205
537
383
803
1517
445
1054
325
995
278
953
1232
664
475
1078
777
72
1379
1305
750
42
614
1192
631
1208
830
129
1518
1516
788
85
1240
674
304
1133
547
977
1082
480
629
1193
615
1206
1197
619
690
1256
976
303
1503
915
231
50
758
1279
1349
105
805
1300
1374
931
253
1314
1389
800
97
606
344
1011
1184
1241
675
782
77
1294
1368
1173
593
331
329
999
715
1275
957
1108
511
1501
790
87
17
729
283
309
981
149
846
79
783
76
781
691
1257
661
639
773
68
82
786
946
271
1412
1334
485
1087
472
1075
689
1255
831
130
1168
585
1214
1290
1364
833
133
1504
1259
695
812
111
437
1500
851
155
113
727
15
814
1229
660
90
794
41
749
1131
545
948
273
667
1234
1023
398
1252
686
434
1051
347
1014
555
1140
1337
1415
47
1373
1299
755
1013
346
101
802
1383
1309
1380
1306
1036
414
1430
1088
486
1432
1429
1313
1388
1493
399
1024
43
850
751
154
1431
1492
269
944
1398
1323
91
795
641
1216
1539
1181
603
917
233
40
748
583
1166
834
134
1538
811
1091
110
490
150
847
1144
559
1221
1329
648
1405
890
201
608
1186
245
924
869
174
1079
476
1043
422
1420
1342
561
1146
44
752
779
74
1428
1058
450
1083
481
541
1128
1102
504
822
121
120
1316
821
1391
1390
1315
897
209
226
910
1427
417
1039
292
964
807
107
1480
429
517
1474
1441
1475
1476
1266
704
1155
572
1007
339
122
823
828
127
1267
705
1472
425
1046
426
940
264
500
307
979
968
295
1195
617
474
1077
1176
597
1473
1016
349
1291
1365
892
203
1274
714
1318
1393
323
993
1261
697
696
1260
176
871
1450
247
966
139
838
1396
1321
1416
1338
277
952
650
1223
646
1219
37
745
760
524
525
1114
52
80
784
350
1017
565
1150
866
170
191
880
1302
1376
1320
1395
932
254
1254
688
736
27
1148
563
1467
116
817
34
742
605
1183
1207
630
844
147
799
96
1366
1292
1003
334
526
1115
669
1236
1468
1076
473
848
151
1317
1392
1298
1372
640
1215
842
143
294
967
762
54
313
984
581
1164
125
826
626
1203
10
711
1272
941
265
266
190
879
1071
468
1440
680
1246
875
182
718
4
291
963
939
263
709
1271
1469
1225
652
439
119
1470
312
983
1471
759
51
906
221
117
818
1161
578
1004
335
28
713
970
297
820
904
219
852
156
756
48
1417
1339
1304
1378
1220
647
698
1262
994
324
743
35
1331
1408
262
938
261
1541
710
839
140
355
1022
1422
600
1178
376
433
699
395
1057
448
1069
464
635
1211
390
636
1459
463
394
694
5
719
436
377
1442
907
222
1456
23
357
1457
1543
452
315
986
1458
1344
1276
420
1041
1330
1407
1303
1377
1117
528
184
366
887
185
198
196
187
885
505
523
1103
1065
458
310
982
1356
1283
1015
348
934
282
256
1273
712
1423
1362
1353
225
909
167
863
1452
93
796
548
1134
1443
381
449
877
188
1453
356
22
29
737
161
857
160
1053
442
1454
740
32
1455
1045
424
1231
663
638
1213
236
1099
501
