x
1
716
1
716
1
716
1
716
1
716
1
716
1
716
1
716
1
716
1
716
731
20
716
20
731
20
731
20
731
20
731
20
731
20
731
20
731
20
731
243
318
243
318
243
244
405
318
244
318
405
318
405
370
318
370
405
1029
405
1029
405
1029
405
1029
405
1029
405
1029
26
735
26
735
26
735
100
26
735
100
26
735
100
735
100
735
100
735
100
735
100
735
100
735
936
259
936
259
936
259
936
259
936
259
1462
928
250
1462
928
1462
928
1462
928
1462
928
1462
250
928
418
31
322
217
145
217
322
217
322
992
322
992
1461
1449
1461
1449
1461
138
379
138
379
443
599
138
599
138
599
138
599
138
599
138
599
138
599
443
599
443
599
542
681
542
681
542
681
542
1247
681
542
1247
681
542
1247
681
1247
681
1247
681
1247
681
1247
681
1247
681
1460
958
284
958
284
958
284
958
284
958
1460
958
1460
958
1460
958
1460
958
1460
958
1460
1056
447
1056
447
1056
1460
1056
1460
1056
1460
1056
1460
284
958
1247
447
1056
1332
1463
1269
707
1269
707
1269
1120
342
1009
342
1009
342
1009
342
1009
342
1009
1120
342
1009
1120
531
1120
531
1120
531
1120
1269
1463
1269
1463
1332
1463
1332
1409
1463
1409
1463
531
1120
1465
1120
1465
342
1009
707
1269
1464
1466
2
717
1466
717
1466
717
1466
1464
1466
1464
1466
1464
1466
1464
1466
1464
1466
717
2
717
2
717
2
717
2
717
413
717
413
717
413
1035
413
1035
413
1035
413
1035
706
1268
508
1105
508
1105
508
1105
508
1105
509
1106
509
1106
509
1106
849
509
849
153
849
153
849
153
849
153
285
959
285
959
285
959
509
849
509
849
509
849
509
959
1030
406
1030
406
1030
406
1030
406
1030
406
1030
923
242
923
242
923
242
923
242
923
242
923
242
923
242
923
242
923
1030
959
1268
508
1268
508
1268
706
1268
717
413
1268
959
1268
959
1268
959
1268
959
1268
959
1268
959
923
1084
482
1084
482
1084
1126
539
1126
539
1126
1030
1126
1030
1126
1030
1126
1084
539
1126
1027
1482
579
1482
579
1482
579
1482
1027
1482
1027
1482
1027
403
1027
403
1027
403
1027
998
328
998
328
998
328
998
328
998
328
998
328
998
1027
998
1027
1482
579
148
579
148
579
1162
579
1162
579
1162
579
1162
148
845
148
845
352
1019
148
1019
148
1019
148
1019
148
1019
148
1019
148
1019
148
1019
352
1019
1485
1019
1485
1019
1485
590
1170
590
1170
590
1170
590
1170
590
1170
590
1170
590
1170
1487
1170
1487
1170
1486
1487
1479
1487
1479
1487
1486
466
624
183
624
183
276
951
276
951
276
951
276
951
276
951
276
951
286
951
624
618
466
1196
466
1196
618
466
618
1196
624
951
1487
212
829
212
899
128
829
212
899
128
829
212
899
128
829
212
899
212
899
212
899
212
899
212
899
212
908
224
471
908
224
471
908
224
471
908
224
471
908
471
908
471
908
471
908
471
908
471
908
1074
224
471
908
1074
224
471
1074
240
921
240
921
1498
240
921
1498
240
921
1143
558
1143
558
1143
558
1143
558
1143
558
1143
558
1143
558
1143
1359
836
136
836
136
836
432
836
432
836
1359
836
1359
836
1359
836
1359
836
1359
836
1359
1143
1359
1143
1286
1359
1286
1359
432
1050
432
1050
432
1050
432
1050
432
1050
432
1050
432
1050
432
1050
651
772
651
772
651
1224
772
651
1224
772
651
1224
772
651
1224
772
1224
772
1010
1497
230
457
230
457
914
230
457
914
230
457
914
230
457
914
457
914
1064
457
1064
457
1064
457
1064
457
1064
621
207
63
895
63
895
207
63
895
207
63
895
207
895
207
895
207
895
207
895
207
895
207
895
207
63
768
63
768
63
768
63
768
63
768
63
768
63
768
496
336
1426
336
1426
336
1426
1005
336
1426
1005
336
1426
1005
336
1426
1005
336
1426
1005
336
1426
1005
336
1426
1005
336
1005
1426
1005
1426
1059
451
1059
451
1059
451
1059
451
1059
451
421
1042
421
1042
421
1042
421
1042
421
1042
421
1042
421
1042
421
1042
421
1042
980
302
980
302
975
980
308
980
975
1540
980
1042
308
980
1540
980
1540
980
1540
980
1540
400
1025
400
1025
400
1025
400
1025
400
1025
558
136
836
1498
240
1498
240
1498
240
1498
240
1498
240
1498
240
1498
128
829
899
1479
1477
1478
1477
1478
1477
1478
1477
1478
1477
1478
1477
1478
1477
1478
1477
1478
1477
1478
1477
1478
1477
1478
406
1030
242
482
403
328
998
701
1264
1481
1264
701
1264
701
1264
701
1264
701
1264
701
1264
701
1264
855
83
787
83
787
83
787
83
1264
855
83
1264
1481
194
1481
194
1481
194
1481
194
1481
194
1481
194
883
1481
883
205
853
205
853
205
893
205
893
853
205
893
853
205
893
853
205
893
853
205
893
853
893
158
855
158
855
158
855
158
855
158
855
158
855
792
88
792
88
792
88
792
88
549
1135
549
1135
549
1135
792
549
1135
792
549
1135
792
549
1135
792
1135
792
1135
792
1135
792
1135
1449
1461
1449
322
1449
322
1449
322
1449
643
1449
643
145
217
361
145
217
361
145
217
361
145
217
361
145
217
361
145
217
361
217
361
217
361
322
31
322
31
322
31
322
31
418
31
739
31
739
31
739
31
739
31
739
100
1319
78
1394
78
1319
78
1394
1319
1394
1319
1394
1319
1394
1319
1394
1319
1394
1319
78
431
78
431
78
431
78
431
78
431
78
431
78
431
613
763
55
763
55
571
763
571
763
571
1154
571
1154
571
1154
1328
210
239
210
1328
210
1328
210
1451
1212
637
1212
637
1212
637
1212
637
1212
637
1212
1451
1212
1451
1328
210
1451
1328
1404
1328
1404
1328
1404
1328
1404
920
239
920
239
920
239
637
1212
333
1002
333
1002
333
1002
333
1002
333
1002
333
1002
333
1002
333
1002
708
1270
333
1270
708
1270
708
1270
708
1270
708
1270
708
1270
708
1270
708
1270
1527
1109
126
1109
512
1109
1527
512
1109
1527
126
410
126
410
126
410
126
410
126
827
126
827
126
827
410
258
267
258
267
258
410
258
410
258
410
258
410
1033
410
1033
410
1033
258
935
258
935
267
942
267
942
267
942
267
942
267
942
267
942
1265
702
1265
702
1265
702
1265
702
1265
702
662
1230
258
1230
662
1230
662
1230
1265
763
613
1191
613
1191
613
1191
613
1191
613
1191
613
1191
613
1191
613
1191
763
1265
763
1265
1230
210
1451
1328
1451
374
337
374
337
374
337
374
337
374
337
374
337
1277
1346
374
1346
763
1346
1277
1346
1277
1346
1277
1346
1277
1346
1277
1346
522
1113
522
1113
522
1113
692
522
1258
692
522
1258
692
522
1258
692
522
1258
692
522
1258
692
1258
692
1258
692
1258
692
1258
692
1258
634
204
166
204
634
204
634
204
634
204
634
1210
634
1210
634
1210
166
204
279
954
279
954
279
954
279
954
279
954
279
954
53
761
53
761
53
761
53
761
53
761
53
761
53
761
53
761
787
83
353
83
353
83
353
1020
353
1020
353
1020
353
1020
353
1020
255
933
36
744
36
744
36
744
36
744
726
14
726
14
726
14
726
14
726
14
726
14
726
14
726
14
1483
726
933
36
933
36
933
255
933
255
933
255
933
255
933
726
933
726
1483
24
270
24
270
24
270
24
733
24
733
24
733
270
945
270
945
1301
1375
479
903
24
903
24
903
218
903
218
903
218
903
479
1081
479
1081
479
1081
479
1081
479
1375
479
1375
1301
1375
1301
1375
1081
479
218
903
415
1037
415
1037
415
1037
415
1037
415
1037
415
1037
415
1037
415
1037
415
1037
415
1037
415
1037
1484
193
1484
193
1484
193
1484
193
1484
193
1484
193
1484
193
1484
882
193
1484
882
193
882
1484
882
655
3
594
1174
340
594
1174
340
594
1174
340
594
1174
340
594
1174
655
340
594
1174
655
340
655
3
655
3
655
3
655
3
1174
340
408
340
408
340
408
340
408
519
1111
989
319
989
319
989
319
567
319
567
319
567
972
299
972
299
972
567
1151
567
1151
567
1151
567
1151
299
972
1550
972
1550
644
1217
567
1217
567
1217
567
1217
644
1217
1549
1217
1549
1217
1549
1217
1549
1217
1549
1217
1549
1217
1549
1524
1021
354
1021
354
1021
1524
1021
1524
1021
1524
1549
1524
1549
1021
175
1545
1546
1561
1560
1561
1560
860
164
515
164
860
164
860
164
860
164
860
164
860
164
860
164
860
164
860
164
860
164
514
515
514
515
514
515
382
513
382
513
382
513
382
513
382
513
382
513
382
513
382
513
382
513
382
513
382
513
1545
1548
1545
1548
354
1524
1111
519
1111
519
1111
519
1111
519
1111
519
1111
519
1111
519
1111
519
1111
519
7
536
7
536
7
536
7
536
7
536
1124
536
1124
536
1124
1526
7
536
1526
7
721
7
721
7
721
536
1526
7
1526
7
1526
554
1526
1139
1526
1139
1526
1542
1526
1542
1526
1542
554
1139
380
444
380
444
407
444
494
444
494
444
494
444
494
495
444
494
495
494
495
1094
494
1094
494
1094
407
1031
407
1031
275
950
275
950
275
950
573
813
112
813
112
813
573
950
573
950
573
950
573
1018
351
1018
351
1018
351
1018
950
1018
950
1018
950
351
1018
423
401
423
401
1044
401
1044
401
1044
423
401
1044
423
401
1044
423
401
1044
423
401
1044
423
401
1044
423
401
1044
423
401
1044
112
813
543
1129
146
1129
543
1129
146
843
146
843
146
843
146
843
146
843
146
843
146
843
146
843
1129
146
843
1129
146
843
854
1177
1061
1177
854
157
854
157
854
157
854
157
854
157
854
157
854
157
854
157
854
157
854
157
454
1061
454
1061
454
1061
454
1061
454
1061
454
1177
454
1177
454
1177
598
1177
598
1177
598
427
1047
427
1047
427
1047
427
1047
427
1047
969
296
969
1026
402
1026
402
1026
969
1026
969
1026
969
1026
969
1026
969
1026
969
1026
969
1047
969
1047
402
1026
296
969
241
229
241
229
241
229
241
229
241
229
241
922
241
922
241
922
241
922
913
229
913
229
913
229
913
229
913
229
573
1156
573
1156
573
1156
573
1156
544
1123
534
1123
534
1123
534
670
1237
670
1237
670
1237
1448
670
1448
670
1448
670
1448
670
1448
1123
544
1123
1130
544
1123
1130
544
1123
1130
544
1130
544
1130
544
1130
544
1130
544
1130
544
1130
544
1130
1123
1448
1123
1448
1123
1448
1123
1448
1533
1534
1122
1534
1122
1534
1533
1534
1533
1534
1533
1534
1533
1534
1533
1534
533
1534
1122
533
1534
1122
533
1534
1122
533
1411
92
518
92
518
92
518
92
1411
92
1411
518
92
1411
518
92
1411
518
520
518
520
518
520
518
520
518
520
92
1411
92
507
92
507
588
507
588
507
588
1592
1531
1592
1531
1592
1531
1592
588
1592
1531
1589
1531
1589
1531
1589
1531
1589
1531
1589
1531
1589
1531
1589
1581
1528
1324
1189
611
1189
611
1189
611
1189
611
1189
611
1189
611
1189
611
1189
1324
1352
1324
1352
1399
1324
1399
1585
1324
1528
1324
1528
1324
1528
1581
1528
1581
1528
1581
1528
1581
1528
1581
1528
1581
1528
1581
1528
1586
1529
1584
973
300
973
1584
1529
1584
1583
1584
1583
1584
1586
1529
1587
1529
1587
1529
1587
1529
1588
1529
1588
1529
1588
1590
1591
1523
1591
1523
1591
1590
1591
1590
1532
1530
1532
1530
1532
1530
1532
1530
1532
1530
1525
393
693
393
693
393
693
393
693
1523
81
785
81
785
81
785
81
785
81
1523
81
1587
1532
1590
1532
1590
1532
1590
1532
1590
1532
1590
1591
393
1523
393
1523
393
1523
393
1523
1591
393
1523
1591
393
1523
1591
393
1525
900
213
900
213
900
213
214
900
1336
214
900
1336
214
900
1336
214
900
1336
214
900
1336
214
900
1336
214
900
1336
214
1336
1414
1336
1414
1336
1414
1554
1553
103
1421
1553
1421
1553
1554
1553
1554
1553
1554
1553
1554
1553
1554
1553
1554
1553
1554
1553
1421
103
435
103
435
103
435
103
435
103
435
804
435
804
435
804
435
804
435
804
435
804
435
804
682
1248
682
1248
682
1248
682
1248
682
1248
1421
103
1421
103
1421
1248
1421
1248
1421
1248
465
612
1555
612
1555
1446
1190
465
612
1555
1446
1190
465
612
1555
1446
1190
465
612
1555
1446
1190
465
1190
465
1190
612
1555
1446
1190
612
1190
1446
1555
1446
1555
1446
1555
1446
1555
632
1209
632
1209
632
1209
632
1209
321
550
321
550
384
550
905
220
905
220
905
220
905
220
905
220
905
220
905
220
905
550
991
321
991
321
991
321
991
321
384
550
1556
550
1556
550
1556
550
1556
1421
1343
1421
1343
1421
1343
1552
580
1552
580
1552
580
1552
580
1163
580
1163
580
1163
580
1163
580
1163
1551
238
919
238
919
238
919
238
919
238
1142
510
1142
510
1142
557
1142
238
1142
510
238
1551
238
1551
238
1551
238
1551
580
1551
580
1551
580
1551
919
238
557
1142
510
1107
510
1107
1557
124
1557
124
1557
124
1557
124
825
124
825
124
825
124
825
124
825
530
124
1119
530
124
1119
530
1119
530
1119
530
1119
530
1119
530
1119
530
1119
530
1119
530
1119
1558
540
1558
540
1558
540
1558
540
1558
540
1558
540
1127
1558
540
1127
1558
540
1127
1558
540
1127
1558
540
1127
1558
540
1127
1560
1561
1546
1545
175
870
175
870
175
870
175
870
175
870
175
870
175
870
1545
175
870
1546
1547
1546
1547
1546
1547
1546
1547
1546
1547
1546
1547
1546
1547
1546
1547
1546
1547
1561
1559
1561
1559
1562
1521
1562
1521
1563
369
595
388
369
1563
369
1563
369
1563
369
1563
388
369
1563
388
1563
388
1563
1521
1563
1521
369
388
595
1563
840
141
249
840
141
249
840
141
249
927
249
927
249
927
249
927
249
927
249
927
249
927
249
927
249
927
1569
1568
411
1034
411
1034
411
1034
169
1568
1034
169
1568
1034
169
1568
1034
169
1568
1034
169
1568
1034
169
1568
1569
1568
1569
1568
1569
1568
169
864
169
864
1564
1293
1367
1293
1367
1293
1367
1565
1293
1564
1293
1564
1293
1564
1293
1564
1293
1565
1567
1565
1567
1565
668
1235
668
1235
1566
1060
1566
1060
1566
668
1566
668
1566
668
1566
1060
453
1060
453
1060
453
1060
453
1060
453
223
228
642
1060
642
1060
642
1060
642
1564
642
223
642
228
642
228
642
912
642
912
642
912
1567
1522
1567
1522
1567
1522
1567
1522
1567
1522
1567
1522
1567
1522
220
905
991
1249
683
1125
538
1125
538
1125
538
1125
538
1125
1249
683
1249
683
1249
683
538
1125
1249
1125
1249
1125
1249
1125
1571
865
168
865
168
865
168
865
168
865
168
865
168
865
168
865
627
684
627
684
627
684
627
684
627
684
627
865
627
865
1571
1138
553
1138
1571
1138
1571
1138
1571
1138
1571
1138
1571
1138
1571
1138
1571
1138
1571
553
1138
1575
1574
1575
1574
1575
1574
1575
1574
1575
1574
1575
1574
1575
1574
1575
1574
1575
1576
25
1576
25
1576
884
1577
1576
1575
1576
1575
1574
13
725
13
725
13
725
13
725
13
725
195
884
195
884
195
884
195
884
195
884
195
884
195
884
195
884
195
884
195
884
195
1576
25
734
25
734
25
734
596
1175
25
1175
25
1175
25
1175
25
1175
25
1175
596
1175
596
1175
596
1175
596
1175
596
1175
785
1582
1577
13
1574
13
1574
13
1577
13
1577
1582
1577
1582
1577
1582
1577
1582
1577
1582
1577
1582
1583
1584
1586
1584
1586
1584
1586
1584
300
973
1580
1447
604
1182
604
1182
604
1182
604
1182
604
1182
1324
1585
1324
1585
1447
604
1447
604
1447
1580
1447
1580
1447
1580
1447
1580
604
1447
1579
1040
419
1040
419
1040
419
1040
462
1596
108
1596
108
1596
462
1596
462
1596
462
1040
1578
1040
1578
1040
1578
1040
1578
1040
1579
498
1097
498
1097
1326
1097
1326
1097
1326
1097
1326
1097
1326
1097
1326
1402
1097
1326
1402
1097
1402
1097
1402
1097
1402
1578
419
1040
1596
108
808
108
808
1594
1595
1594
1595
1594
1595
1594
1595
1594
1595
1594
38
746
38
746
38
746
38
746
1008
341
1008
341
1008
341
1008
341
1187
38
1172
38
1187
341
1187
341
609
1187
609
1187
896
658
659
658
659
658
659
658
659
658
659
658
659
658
659
658
659
658
659
861
165
861
165
861
165
861
165
861
165
861
165
861
165
861
659
165
861
685
1511
1251
1511
589
387
589
387
589
387
589
387
589
387
589
387
633
387
633
389
633
389
633
389
633
389
633
1514
502
1514
502
1514
502
1514
502
1514
502
1514
502
1514
502
1100
502
1100
502
1100
722
9
1601
9
1601
192
881
192
881
192
881
192
881
192
881
192
881
192
881
192
881
192
881
192
881
197
886
268
943
268
943
268
943
268
943
268
943
1597
564
1149
564
1149
564
1149
1597
929
251
929
251
929
251
929
251
929
251
929
251
929
251
929
251
929
1597
929
1597
251
929
564
1149
467
1070
467
1070
467
1070
467
1070
208
896
208
896
208
896
208
896
467
896
467
896
1187
896
1187
592
1172
592
1172
592
1172
592
1172
592
1172
592
1172
592
1172
430
1049
430
1049
430
1049
1171
591
1171
591
1171
591
1171
591
1171
591
1171
591
1593
872
179
872
179
872
179
872
179
872
1593
872
1593
1171
1593
1189
1593
1189
1593
1594
38
1595
38
1595
38
1595
38
1595
1594
108
1594
1593
1594
1593
611
1189
179
872
462
1068
462
1068
246
925
246
925
246
925
246
925
246
925
327
997
246
997
246
997
246
997
246
997
246
997
246
997
327
997
327
997
327
997
232
819
118
819
1573
232
819
1573
232
916
232
916
232
916
232
916
1573
232
1573
232
1573
232
1573
232
1573
819
1573
819
1573
819
1573
819
1573
118
819
1572
671
1572
252
930
671
1572
671
672
671
672
671
672
671
672
671
672
1238
671
930
252
930
252
930
252
930
252
930
671
930
671
1238
671
1238
64
769
64
769
64
769
64
769
64
769
455
769
455
769
455
769
455
769
455
769
455
769
455
1062
455
1062
455
1062
455
1062
1512
274
1512
274
1512
274
1512
274
1512
274
1512
274
1512
274
949
1512
757
49
757
49
757
49
757
49
757
49
757
49
757
49
757
1512
949
1512
949
1512
949
49
757
168
865
684
1250
684
1250
627
1204
627
1204
215
901
215
901
215
901
215
901
215
901
215
901
1520
1141
556
1141
556
1141
556
1141
1520
1141
1520
1141
1520
556
1141
546
1520
546
1132
546
1132
546
1132
546
1132
469
1072
469
1072
469
1072
469
1072
469
1072
469
1072
469
1072
1080
478
1080
926
248
926
248
926
248
926
1080
926
1080
926
1080
926
1080
926
1080
1072
1308
1066
215
1066
215
1066
215
1066
215
1066
215
1066
459
1066
1308
1080
1072
1308
1080
1072
478
1080
1308
1080
248
926
1387
926
1382
1308
1382
1308
1382
1308
459
1066
1520
1066
1520
1066
956
281
317
281
317
281
317
281
956
281
956
281
956
281
956
281
1513
281
1513
281
1513
364
177
364
177
364
177
364
177
364
177
364
177
364
1513
364
1513
364
1513
177
364
988
317
886
197
886
197
886
197
886
197
886
197
886
317
988
317
988
317
988
317
1601
9
192
9
722
9
722
9
1599
9
1599
9
1599
9
1599
1598
1347
529
1118
173
1118
173
1118
529
1118
529
1118
529
1118
529
1118
529
1118
529
1118
529
1118
529
1118
173
867
171
867
171
867
171
867
171
867
171
867
171
867
171
867
171
867
171
867
173
868
173
868
173
868
173
868
173
868
173
868
171
867
1602
987
1605
987
1605
987
326
1605
326
1605
326
1605
326
1605
326
1605
987
326
1605
987
326
1605
987
1602
987
1602
1347
1406
1347
1406
1347
1406
1347
1406
1347
1598
1347
1598
1347
1598
1347
1602
206
894
206
894
206
894
206
1602
206
1602
206
1602
206
1602
206
1602
206
1406
894
316
987
316
987
316
987
326
996
326
996
326
996
679
1165
776
1165
1245
1165
679
1165
679
1165
679
1165
679
1245
679
1245
679
1165
582
1165
582
1165
582
1606
1358
1285
1606
1358
1606
1358
1606
1358
1606
1603
1604
1603
1604
293
965
293
965
293
965
293
965
293
965
293
965
293
965
293
965
293
965
293
1515
965
293
1515
965
1515
1437
1609
562
1147
562
1147
562
1147
562
1147
562
1147
562
1147
562
1147
1603
1606
1603
1606
1603
1606
1603
1606
1603
1606
1285
1358
1537
446
1537
446
428
1607
428
446
1055
1537
446
1055
1537
446
1055
1537
446
1055
1537
446
1055
1537
446
1055
1537
446
1055
1537
446
1055
1537
446
1055
1607
428
1048
428
1048
428
1048
428
1048
8
396
8
396
8
396
703
8
396
703
8
396
703
8
703
8
703
8
703
8
703
8
703
8
703
776
71
776
71
776
71
776
71
776
71
776
71
776
71
776
71
1278
657
1613
657
620
1613
657
172
363
172
363
172
363
172
363
172
363
172
363
657
172
657
172
1613
257
371
257
371
257
371
1536
257
1536
1297
1371
1297
1371
1297
1371
1621
1297
1371
1621
1297
1371
1621
1297
1371
1621
1297
1371
1621
1297
1371
1621
1297
1371
1621
1297
1621
391
654
391
654
841
142
841
142
841
142
841
142
841
142
841
654
1615
654
1615
654
1615
654
1615
654
1615
654
1615
1052
440
1052
440
1052
440
1052
440
1052
440
441
1052
441
1280
1350
560
1145
560
1145
560
1145
560
1145
560
1145
560
1145
560
1145
1052
1350
1052
1350
1052
1615
142
841
560
1350
1280
1350
1280
1350
1280
1350
1280
1350
1280
1350
1280
1350
732
21
732
21
732
21
1616
65
770
65
770
11
1614
11
723
1614
345
1012
345
1012
345
1012
345
1012
345
1012
1284
1357
345
1614
345
1614
345
1614
345
1614
723
1614
1357
1284
1357
1284
1357
1284
1357
1614
1357
1614
1357
656
237
368
237
368
237
368
237
368
237
368
1544
237
656
1121
532
1121
532
1121
532
1121
532
1121
532
1121
532
1121
532
1121
532
1121
532
1121
656
1227
656
1227
656
1227
656
1227
656
1227
532
1121
237
1544
237
1544
237
1544
237
1544
237
1544
280
955
280
955
280
955
280
955
280
955
280
955
280
955
280
955
503
178
503
365
503
365
503
955
178
365
1101
503
1098
499
1098
499
1098
503
1098
503
1098
503
1101
503
499
1098
570
1153
570
1153
378
570
378
438
570
378
438
362
152
362
152
362
152
985
314
985
314
985
362
152
985
362
152
985
362
152
314
985
362
985
362
985
678
1244
678
1244
678
1244
678
1244
678
1244
678
1244
678
1244
678
1244
1616
65
1616
65
1616
65
1616
65
1616
65
1616
732
21
1616
732
21
1616
732
21
65
1616
39
747
39
747
39
747
39
747
39
747
1310
1617
1310
1617
1310
1617
1310
747
1310
747
1310
747
1310
747
1310
747
1617
1310
747
1617
1310
1384
1310
1384
311
373
311
373
311
373
673
1239
673
1239
673
1239
673
1239
673
1239
673
1239
673
1239
673
1239
764
56
764
56
764
56
764
56
764
56
764
1239
764
1239
56
764
1445
764
1445
764
1445
1063
456
1063
456
1063
1445
1063
1445
1063
1445
1341
1063
1445
1444
1445
1444
1419
1341
1419
1341
1419
1341
456
1063
575
1158
891
202
891
202
891
202
162
202
162
202
162
202
162
202
858
162
202
858
162
202
858
162
858
162
858
162
858
123
824
123
824
584
1167
123
1167
123
1167
123
1167
123
1167
584
1167
584
1167
584
1167
584
1167
1001
1152
568
1152
568
1152
568
1152
1001
1152
1001
1167
568
1152
60
358
60
358
60
358
60
876
60
876
60
876
60
876
60
876
186
876
186
876
358
60
876
358
60
876
358
60
876
358
186
876
574
1158
574
1158
574
1158
574
1158
575
1158
574
1157
574
1157
574
1157
574
1157
574
1157
1158
574
1157
1158
574
1157
586
1169
521
1169
521
1169
586
1169
521
586
1169
521
1112
521
1112
521
1112
521
1112
521
1112
521
1112
1618
94
797
94
797
1620
1619
180
1619
180
1620
180
94
1618
94
1618
94
1618
94
1620
180
94
1620
180
94
1620
180
873
180
873
180
873
180
873
180
873
483
1085
483
1085
1397
1322
1397
1322
1397
1322
1397
1322
1397
1322
1397
1322
1397
1322
1397
1322
1397
386
569
386
569
386
569
386
569
1340
1418
386
1418
1340
1418
1340
1418
1340
1418
1340
1418
1340
1418
1001
332
1001
332
1001
332
181
862
181
862
181
874
181
874
181
874
181
874
181
1001
862
181
1001
862
181
1001
862
181
1001
862
874
305
978
305
978
305
978
305
978
305
978
305
978
1251
685
1251
685
1251
685
1251
685
1251
685
1251
978
1251
978
1251
978
235
367
235
367
235
367
235
367
235
367
235
367
235
367
389
633
387
200
387
200
387
200
889
200
889
1612
200
1612
200
1612
200
1612
200
1612
200
1612
386
1612
386
1612
1322
1611
1322
1611
172
1613
257
1613
257
1613
620
1198
620
1198
620
1613
620
1613
620
1613
620
1613
657
172
1613
657
1228
657
1278
657
1278
657
1278
1348
1278
1348
1278
1348
1278
1348
1278
1348
1278
1348
1228
1198
1610
12
1610
12
1610
12
1610
12
1610
12
1610
12
724
12
724
12
724
12
724
12
724
306
1608
306
1608
306
1608
306
372
1608
372
1608
372
1608
372
1608
372
1608
372
1608
372
1608
372
1608
562
1609
1437
1609
1437
1609
1437
1609
1603
1609
290
962
290
962
290
962
392
665
392
665
962
392
665
962
392
665
962
665
962
665
962
665
962
665
1295
780
75
780
75
780
75
780
75
780
75
780
1295
780
1295
780
1295
1369
1295
1369
1295
1369
1295
1369
75
780
385
375
566
272
947
1296
1370
1296
1370
1296
1370
1296
1370
1296
1370
1296
1370
552
1296
552
1137
552
1137
552
1137
552
1137
552
1137
552
1137
552
1137
552
1137
552
1137
1296
552
1137
720
6
397
720
6
397
720
6
397
720
6
397
720
6
720
397
720
397
1351
397
1351
397
1351
397
1351
383
537
383
537
383
537
383
537
383
537
628
1517
628
1205
1517
1078
475
1078
475
1078
475
1078
1517
1078
1517
1205
1517
803
325
445
325
445
325
445
325
445
325
445
1054
325
445
1054
325
445
1054
445
1054
445
1054
445
1054
445
995
325
995
325
995
1054
278
953
278
953
278
953
278
953
278
953
278
953
1296
953
1296
953
1296
953
1232
664
1232
664
1232
664
1232
664
1232
664
475
1078
1516
72
777
72
777
72
777
72
777
72
777
72
777
72
777
72
1379
72
1516
72
1305
1379
1305
1379
1305
1379
750
42
750
42
614
750
614
750
614
750
614
1192
614
1192
614
1192
614
1192
750
614
1192
750
614
1192
750
614
1192
1208
631
1208
631
1208
631
1208
631
1518
129
1518
129
1518
535
527
1488
535
1518
535
1518
631
1518
631
1518
631
129
830
1518
830
1518
830
1518
830
1518
777
85
788
85
788
85
788
85
788
85
788
674
1082
85
1082
85
1082
480
1082
674
1082
674
1082
674
1082
674
1082
674
1082
674
1082
674
1240
674
1240
674
1240
977
304
547
977
304
547
977
304
547
977
304
547
977
304
547
977
1133
304
547
977
1133
547
1133
977
1133
977
1133
977
1133
480
1082
1206
629
1193
615
1193
615
1193
1206
629
1193
1206
629
1193
1206
629
1193
1206
629
1193
1206
629
1193
1206
629
1206
629
1206
629
1206
629
615
1193
619
1197
690
1256
690
1256
690
619
1197
690
619
1197
690
619
1197
1256
690
619
1197
619
1197
619
1197
619
1197
619
1197
619
1197
690
303
690
303
690
303
690
303
976
303
976
303
976
303
976
303
976
1503
303
1503
50
231
50
231
50
231
50
758
231
50
758
231
50
758
231
758
231
758
915
50
915
50
915
50
915
50
915
1279
253
1279
1349
1279
1349
1279
1349
105
1374
1300
1374
1300
1374
1300
1374
1300
1374
1300
253
1279
253
105
253
931
253
931
253
931
253
931
253
931
1314
1389
97
1389
1314
1389
1314
1389
1314
1389
1314
1389
1314
1389
1314
1389
1314
1389
1314
1389
97
800
97
800
97
800
97
800
97
800
1184
344
1011
1184
344
1011
1184
344
1011
1184
344
1011
1184
344
1011
1184
344
1011
1184
344
1011
1184
344
1011
1184
344
1011
1184
344
606
1011
1184
606
1011
675
1241
675
1241
675
1241
675
1241
675
1241
675
1241
675
1241
77
782
77
782
1294
77
782
1294
77
782
1294
77
782
1294
782
1294
782
1294
782
1294
782
1294
1368
1294
1368
1294
1368
1294
1368
593
1173
593
1173
593
1173
593
1173
593
1173
593
1173
329
331
329
331
999
329
511
329
715
329
957
283
957
283
957
283
957
283
957
283
957
283
957
283
957
329
957
329
999
329
999
329
999
329
999
715
1275
715
1275
715
1275
715
1275
283
957
790
87
790
87
1501
790
729
17
729
790
729
790
729
1501
790
729
1501
790
729
1501
790
729
1501
790
1501
790
1501
790
1501
17
729
511
1108
511
1108
511
1108
511
1108
309
846
149
846
149
846
309
846
309
981
309
981
309
981
149
846
781
76
781
76
781
76
781
76
781
76
781
76
781
76
781
76
781
846
79
783
79
783
79
783
79
783
79
783
79
783
79
783
79
783
79
783
76
781
691
661
691
661
691
661
691
661
691
661
691
1257
691
1257
691
1257
1364
1214
639
1214
639
1214
639
1364
1290
1504
133
1504
133
1504
133
1504
1290
1504
1290
639
1364
1290
639
1364
1290
639
1364
1290
639
1364
1290
639
1364
1290
1214
639
1364
639
68
773
68
773
68
773
68
773
68
773
786
68
786
68
786
82
786
82
786
82
786
82
786
82
271
946
1334
1412
1087
485
1087
485
472
1412
1334
1412
1334
1412
946
271
946
271
946
271
946
271
946
271
946
271
946
1412
271
946
1412
271
946
1412
271
946
1412
472
485
472
485
472
485
472
1075
472
1075
472
1075
472
1075
689
1255
689
1255
689
1255
689
1255
689
1255
130
585
130
585
130
831
585
130
831
585
130
831
585
1168
130
831
585
1168
130
831
585
1168
130
831
585
1168
130
831
585
1168
130
831
585
1168
831
1214
1290
1504
68
1504
68
1504
68
1504
133
833
133
833
133
833
133
833
133
833
133
833
133
833
133
833
661
691
1374
105
805
105
805
1374
105
1374
105
1374
661
1374
661
1374
661
695
1259
695
1259
695
1259
695
1259
1500
111
437
111
437
812
111
812
111
812
111
812
111
812
111
812
111
812
111
812
111
812
1500
1259
1500
1259
1500
1259
1500
1259
111
812
1500
155
851
155
851
155
851
155
851
155
851
155
851
155
851
155
851
155
851
155
851
155
851
15
727
15
727
15
727
15
727
15
814
15
814
15
814
15
814
113
15
814
113
15
814
113
15
113
814
113
727
814
660
753
90
1499
90
1499
90
1499
90
1499
90
1499
753
90
1499
753
90
1499
753
660
753
660
753
660
1229
660
1229
660
1229
660
1229
660
1229
660
1229
660
1229
660
1229
90
1499
753
1499
753
1499
135
835
576
1159
135
835
576
1159
135
1159
135
1159
135
1159
135
576
1159
835
576
835
1159
416
1038
416
1038
1502
416
1104
506
1104
506
1104
1502
416
1104
1502
416
1104
1502
506
1104
859
163
859
163
493
1093
493
1093
859
493
1093
859
1093
859
1093
859
1093
859
1093
491
1092
491
1092
491
1092
492
1218
491
1218
492
1218
492
645
1218
645
1218
99
801
99
801
99
801
99
801
99
801
99
801
98
1243
1506
700
1506
700
1506
700
1506
700
1263
1506
1243
1506
1243
1506
1243
1506
1243
1506
1263
1243
649
1243
677
1243
677
89
1233
793
791
793
791
793
791
793
791
793
791
1233
793
791
1233
793
1433
1233
1433
1233
1433
1233
1433
666
1233
666
1233
793
791
89
1233
793
791
89
791
89
791
89
1233
409
1032
409
1032
409
1032
1253
687
1253
687
1253
687
1507
409
1233
409
1435
409
1435
409
1435
409
1507
409
1507
409
1507
409
1507
687
1507
687
1507
687
1507
687
1507
66
771
66
771
1434
771
1434
771
1434
771
1434
771
1436
115
1436
115
816
1436
816
1287
1110
199
1110
199
1110
516
1110
1287
1110
1287
1360
1110
1287
1360
1287
1360
1287
1360
1287
1360
516
1110
1287
1110
199
888
199
888
1201
623
1201
623
1201
623
1201
623
1201
623
1434
1436
1201
1436
1201
1436
1434
1435
649
1243
1506
98
470
1073
470
1073
470
1073
470
1073
470
1073
470
1073
470
1073
470
1073
470
1073
1506
98
1243
649
1222
649
1222
649
1222
649
1222
649
1222
330
1000
1505
1000
1505
298
971
298
971
298
971
298
971
33
741
33
741
33
741
33
741
33
741
33
741
1505
298
1505
298
1505
298
1505
298
1505
298
1505
330
1000
1505
330
1000
1505
741
1505
741
488
1090
489
1090
489
1090
227
1090
227
1090
227
1090
227
1090
227
1090
488
489
1090
488
1090
227
911
227
911
227
911
227
911
1090
227
911
607
1185
607
1185
607
1185
607
1185
607
1185
607
1185
607
1185
57
765
57
765
57
765
57
765
57
765
57
765
1509
57
1508
106
806
1508
806
1508
806
1508
806
1508
1438
1333
1438
1333
1438
1333
1438
1333
1410
1438
1333
1410
1438
1333
1410
1438
1333
1410
95
1508
57
1509
57
1509
856
57
1509
159
856
159
856
159
856
159
856
159
856
106
1508
95
798
95
798
95
798
95
798
95
798
95
798
95
798
95
798
95
798
1311
1385
1311
1385
1311
1385
1311
1385
1311
1385
1311
1386
1385
1386
1385
144
460
477
144
460
477
144
477
144
477
144
477
144
477
144
477
144
477
1325
460
1325
460
1325
460
1325
460
1325
1401
1325
1401
1325
1401
1325
1401
1325
1401
1325
1401
601
1179
1363
1179
1363
1289
601
1179
1363
1289
601
1179
1363
1289
601
1179
1363
1289
601
1179
1363
1289
601
1179
1363
1289
601
1179
1363
1289
601
1179
1363
1289
601
1179
1363
1289
601
1179
1289
1363
1386
577
1160
1288
1361
1288
1361
960
1288
960
288
960
288
1439
484
1439
484
1439
484
1439
484
1439
484
1439
484
1439
484
1439
484
1439
484
1288
960
1160
577
1160
577
1160
577
1160
577
1160
577
1160
577
1160
577
1160
577
1160
1288
484
1086
484
1086
1281
1354
1281
1354
1281
1354
1281
1354
1281
1354
1281
1354
1281
1354
1281
1354
1281
1354
1281
1354
114
815
114
815
114
815
114
815
114
815
114
815
114
815
114
815
132
815
132
815
132
815
132
832
132
832
1424
918
73
789
778
789
918
1424
918
1424
131
360
131
360
131
360
131
360
131
360
131
360
131
360
131
360
131
360
234
918
1424
918
234
918
234
918
234
918
234
918
234
918
234
918
789
73
778
73
778
73
778
73
778
73
778
73
778
73
778
73
778
73
778
73
789
86
789
86
789
86
789
86
789
86
653
1226
653
1226
653
1510
1226
653
1510
1226
653
1510
1226
1510
1226
1510
1226
1510
189
878
189
878
189
878
189
878
1067
189
878
1067
189
878
1067
189
878
1067
189
878
1067
461
1067
461
1067
461
1067
878
461
1067
1194
616
1194
616
1194
616
1194
616
1194
616
1202
616
1202
616
625
1202
625
1202
625
1202
625
1202
625
1202
625
1202
625
1202
625
1202
1200
622
1200
622
1200
622
1200
622
1200
622
1200
622
1200
622
1200
622
1200
622
1200
1202
622
1200
566
375
566
375
566
375
566
375
566
375
566
375
385
375
385
375
385
375
412
375
412
1535
947
272
947
272
947
272
947
1535
947
1535
947
1535
947
1535
947
1535
497
1096
497
1096
1425
1600
1381
1600
1381
1600
1381
1600
1381
1600
1381
1600
1425
1600
1425
1600
1425
30
738
30
738
30
738
30
738
30
738
30
738
1425
30
738
1425
1096
1425
1096
1425
1096
1425
1096
30
738
1425
1600
1381
1307
1381
1307
1381
1307
1381
1307
1570
1282
1570
1355
1282
1355
1282
1355
1282
1570
1355
1312
1387
1312
1387
1312
1387
1312
1387
1312
1387
1312
1387
1312
1387
1312
1387
1312
1387
1312
1387
551
1136
551
1136
551
1136
551
1136
551
1136
1519
551
1519
551
1519
551
1519
551
1519
551
1519
551
1519
102
359
102
803
102
104
359
104
359
104
359
104
359
898
211
898
211
898
211
898
211
898
211
898
359
898
359
1517
359
1517
359
211
898
216
902
216
902
216
902
216
902
216
902
216
902
216
902
775
70
775
902
70
775
260
937
260
937
260
937
260
937
260
937
260
937
260
937
260
937
260
937
46
754
610
1188
610
1188
610
1188
610
1188
610
1188
610
1188
610
1188
610
1188
610
1188
58
730
58
766
58
766
58
766
58
766
730
754
46
754
46
754
46
754
46
754
46
754
46
754
46
754
46
754
730
18
730
18
730
18
730
18
137
837
137
837
137
837
59
1403
767
1403
767
1403
767
1403
767
1403
767
1327
1403
1327
1403
59
767
1403
84
1403
84
1403
84
1488
527
535
1488
527
535
1488
527
1116
527
1116
527
1116
527
1116
527
1116
527
1116
527
1116
109
1400
109
1400
810
109
1400
810
109
1400
810
109
1400
810
809
109
1400
810
809
109
809
810
1400
810
1400
810
1400
810
1400
286
287
286
287
286
287
286
287
286
287
61
62
61
62
61
62
61
62
1487
62
1489
535
1488
527
1488
535
1488
535
1489
535
1489
535
1489
535
1489
1490
1489
1490
338
1006
338
1006
1491
338
1491
1028
404
1028
404
1028
404
1028
404
1028
404
1028
404
1028
404
1028
404
1028
1491
1028
1491
404
1028
67
1224
772
67
1224
772
67
1224
772
67
1224
772
67
289
343
961
289
343
961
289
343
961
289
343
1010
343
1010
343
1010
343
1010
343
1010
1497
961
289
1497
961
343
1010
1497
961
343
1010
1497
961
1199
621
69
621
69
621
69
621
69
621
1199
621
1199
69
774
69
774
69
774
1095
496
1095
496
1496
496
1496
496
1496
496
1496
496
1496
496
1496
496
1496
496
1496
496
1496
1095
1496
587
301
320
301
320
301
320
990
320
1180
301
587
301
974
301
974
301
974
990
320
1180
320
1180
320
1180
320
1180
320
602
1180
602
1180
676
1242
676
1242
1495
1242
1495
1242
1495
1242
1495
1242
1495
1242
1495
1242
1495
1242
1495
1242
1495
1242
1495
16
728
16
728
16
728
16
728
19
16
728
19
16
19
728
19
728
1345
19
1345
19
1345
19
1345
19
1345
19
1345
1335
487
1335
487
1335
1413
1335
1413
1335
1413
1335
1413
1335
1413
1494
1335
1494
1335
1494
1335
1494
487
1335
487
1089
487
1089
487
1089
487
1089
487
1089
753
45
753
45
1499
90
794
90
794
41
1131
41
1131
41
545
1131
545
1131
545
1131
545
1131
545
1131
545
1131
545
1131
545
749
1131
749
1131
273
948
273
948
273
948
273
948
273
948
273
948
273
948
273
948
273
948
667
1234
398
1234
273
1234
667
1234
667
1234
667
1234
1023
398
1023
398
1023
398
1023
398
1023
398
1023
398
1234
1023
398
1234
1023
686
1252
686
1252
686
1252
1014
347
1014
1024
399
1024
399
1024
1014
1140
555
1140
555
1140
555
1140
555
1140
555
1140
555
1140
555
1140
555
1140
555
1337
1415
1337
1415
1337
1415
1337
1415
1337
1415
1299
47
755
47
755
47
755
1373
1299
47
1299
47
1299
47
1299
1373
1299
1373
1299
1373
1299
1373
1299
1373
1299
1373
1299
1373
346
1013
346
1013
346
1013
944
269
944
1013
944
1013
944
1013
944
1013
802
101
802
101
802
101
802
101
802
101
802
101
802
101
802
101
1309
802
1309
802
1309
1306
1036
414
1036
414
1036
414
1036
414
1036
414
1036
414
1036
1306
1036
1306
1036
1306
1309
1383
1309
1383
1309
1383
1306
1380
1306
1380
1306
1380
1306
1380
414
1036
1430
486
1430
1088
486
1088
486
1088
486
1088
486
1088
486
1430
1088
1430
1088
1432
1313
1388
1313
1388
1313
1388
1429
1313
1429
1313
1429
1313
1432
1313
1432
1429
1313
1432
1429
1313
1432
1429
1313
1432
1429
1493
1024
1014
1140
1014
1252
1014
1252
434
1051
434
1051
434
1051
434
1051
434
1051
434
1051
434
1051
347
1014
1493
1024
1493
1024
1493
1024
1493
1024
1493
1024
1493
399
1024
43
154
43
154
43
751
43
751
43
751
43
751
154
43
751
154
751
850
43
751
850
1431
1337
1431
1337
1431
1337
1431
1492
1431
1492
1431
1492
1431
1492
269
944
1323
1398
91
795
1398
1323
1398
1323
1398
1323
1398
1323
1398
1323
1398
1323
1398
1323
1398
795
91
795
91
795
91
795
91
795
91
795
641
795
641
795
641
1216
641
1216
641
1216
641
1216
641
1216
40
233
748
233
748
233
917
233
917
233
1166
40
233
1166
40
233
1166
40
233
1166
40
233
1166
583
1166
583
1166
917
233
1166
917
748
1539
603
1539
603
1539
603
1539
603
1539
603
1539
603
1181
1539
1166
1539
1181
1539
1181
583
1166
834
134
1538
134
1538
134
1538
134
1538
134
1538
134
1538
834
134
1538
834
134
1538
834
134
1538
834
1538
834
1538
110
811
110
811
110
811
110
811
110
1091
490
1091
490
1091
811
110
1091
811
110
1091
811
110
490
811
1091
811
1091
847
150
847
150
559
1144
559
1144
559
1144
559
1144
847
1144
847
1144
847
1144
648
1221
648
1221
1329
648
1221
1329
648
1221
1329
648
1221
1329
1405
648
1221
1329
1405
648
1221
1329
1405
648
1221
1329
1405
648
1405
648
1405
648
1405
245
1186
924
608
1186
201
890
201
890
201
890
201
890
201
890
201
890
201
890
201
890
201
890
869
174
869
174
869
174
869
174
869
174
869
174
869
174
869
174
476
869
476
869
476
1079
869
476
1079
422
752
44
752
44
752
44
752
44
752
422
752
561
1342
1420
1342
1420
1342
1420
1342
1420
1342
1420
1342
561
1342
561
1342
561
1342
561
1342
561
422
752
561
422
752
561
422
1043
422
1043
422
1043
422
1043
422
1043
44
752
1420
1342
561
1146
561
1146
561
1146
74
779
74
779
74
779
1428
74
1058
450
1058
450
1058
450
1058
450
1058
450
1058
1428
74
1058
1428
74
1058
1428
74
1428
74
1428
74
1428
74
1428
74
1428
1058
1428
450
1058
1083
481
1083
481
1083
481
1083
481
1083
481
1083
481
1083
481
1083
481
541
1083
541
1128
541
1128
541
1128
541
1128
541
1128
541
1128
541
1128
541
1128
541
1128
541
1128
504
1186
504
1186
504
1186
608
1186
608
1186
924
245
924
245
924
245
924
245
924
245
924
245
924
245
924
245
1186
245
1186
504
201
504
201
504
1102
504
1102
504
1102
504
1102
121
822
121
822
121
822
121
822
120
121
1315
120
121
1315
120
121
1316
821
1391
121
1316
821
1391
121
1316
821
1391
1315
120
121
1316
821
1391
1315
120
121
1316
1315
120
821
1316
1315
1316
1315
1316
1391
1315
1390
1315
1390
1315
1390
1315
1390
209
897
209
897
209
897
209
897
209
897
209
897
209
897
209
897
209
897
209
897
209
897
226
807
107
807
226
807
226
807
226
910
226
910
226
910
226
910
1039
226
1039
417
1039
417
1039
417
1039
417
1039
417
1039
417
1427
1039
1427
1039
1427
1039
1427
292
807
292
807
964
292
964
292
964
292
964
292
964
292
964
292
964
292
964
292
964
292
964
107
807
1480
807
1480
429
517
1474
429
1474
429
1474
429
1474
429
1474
429
1474
429
1474
429
1474
517
1474
517
1441
1476
704
1266
704
1266
704
1266
704
1266
1476
704
1476
1441
1476
1475
1441
1476
1475
1441
1476
1475
1441
1475
1476
1475
704
1476
572
1155
572
1155
572
1155
572
1155
572
1155
705
1155
705
1155
705
1155
705
1155
705
1155
1267
705
1155
1007
339
1007
339
122
339
122
339
122
339
122
339
122
339
823
122
339
823
122
339
823
122
339
823
122
339
823
122
823
122
823
127
828
127
828
127
828
705
1267
264
940
1472
940
1472
940
1472
940
1472
940
1472
940
264
940
264
940
264
940
264
940
1472
425
426
425
426
425
1046
426
425
1046
426
425
1046
1472
425
1046
1472
425
1046
1472
426
425
1046
1472
426
425
1046
1472
426
1046
307
979
968
617
1195
474
1195
617
1195
617
1195
617
1195
968
979
307
979
307
979
307
979
500
979
500
979
500
979
500
979
500
979
500
295
968
295
968
295
968
295
968
295
968
295
968
474
968
474
968
474
968
474
1077
474
1077
474
1077
474
1077
474
1077
474
1077
597
1176
597
1176
597
1176
1473
1016
349
1016
349
1016
349
1016
349
1016
349
1016
1473
1016
1473
1016
1473
1176
1473
1176
1473
1291
1176
1473
349
1016
1291
1365
1291
1365
1291
1365
1291
1365
1291
1365
892
1274
1318
1393
1318
1393
1318
1393
1318
1393
1318
1393
1274
1318
1393
1274
1318
1393
1274
1318
1393
1274
1318
1393
1274
892
1274
892
203
892
203
892
203
892
203
892
203
1318
1274
714
1274
714
1274
714
323
697
323
697
323
697
323
993
323
993
323
993
323
993
323
993
697
1261
697
1261
697
1261
697
1261
697
1261
697
1261
697
1261
697
1261
696
871
176
871
696
1260
871
696
1260
871
1260
871
1260
871
1260
871
1260
871
1260
871
1260
966
1450
247
1450
247
1450
247
1450
247
1450
247
1450
247
1450
247
1450
247
1450
247
1450
966
247
1450
176
871
139
838
139
838
139
838
139
838
139
838
139
838
139
838
1321
838
1321
1396
1321
1396
1338
1416
1321
1416
1321
1416
1321
1416
1321
1416
1338
1416
1338
1416
1338
1416
1338
1416
277
952
277
952
277
952
277
952
277
952
277
952
650
1223
277
1223
277
1223
277
1223
650
1223
650
1339
745
37
745
37
745
37
745
37
745
646
745
1219
646
745
1304
745
1339
745
1339
745
1339
1223
1339
1223
1339
1223
1339
1223
1339
1223
1339
1417
1339
1417
1339
1417
646
1219
646
1219
646
1219
646
1219
646
1219
646
37
745
52
760
52
760
524
525
524
525
524
525
524
525
524
525
1114
524
760
524
760
524
760
524
1114
524
1114
80
565
80
784
80
784
80
784
80
784
80
784
80
784
80
784
80
784
350
1017
80
1017
80
1017
350
1017
565
1150
565
1150
565
1150
565
1150
565
1150
170
866
170
866
170
866
170
866
170
866
191
880
191
880
191
880
191
880
1302
191
1302
932
254
932
254
932
254
932
254
932
254
932
254
932
1302
1376
1302
1376
1302
1376
1302
1376
1302
1376
1302
1376
1302
1376
1302
1376
1302
1376
1320
932
1320
1395
1320
1395
1320
1395
1320
1395
1320
1395
1320
1395
1320
1395
254
932
1254
688
736
27
736
27
736
27
736
688
736
688
1254
688
1254
688
27
736
563
526
563
526
1115
526
1115
526
1115
1468
1317
1468
1317
1468
1317
1468
334
1003
334
1003
334
1003
334
1003
334
1003
526
1467
526
1467
563
1148
563
1148
563
1148
563
1148
563
1148
563
1148
563
1148
563
1148
563
1148
1467
116
817
116
817
116
817
34
742
34
742
34
742
34
742
34
742
34
742
605
1183
1207
630
1207
630
1207
630
1207
630
1207
630
1207
630
1183
34
1183
34
1183
605
1183
605
1183
605
1183
630
147
630
147
799
96
799
96
799
147
799
147
799
147
799
147
844
147
844
96
799
1292
334
1292
799
1292
799
1292
1366
1292
1366
1292
1366
1292
1366
334
1468
334
1468
334
1468
669
1236
669
1236
669
1236
669
1236
669
1236
669
1236
669
1236
669
1236
1468
669
1236
1468
669
1236
1317
1392
1317
1392
1317
1392
848
151
848
151
848
151
848
151
848
151
848
151
1076
151
1076
151
1076
151
1076
151
1076
151
473
1076
473
1076
473
1076
473
1076
1298
1372
1298
1372
1298
1372
1298
1372
1298
1372
1298
1372
1215
1298
1215
640
1215
640
143
842
143
842
143
842
143
842
294
967
143
967
143
967
143
967
143
967
143
967
294
967
1440
266
265
266
941
266
941
468
1071
468
1071
468
1071
468
1071
468
1071
468
1071
468
1071
1440
266
1071
1440
266
1440
266
1440
967
54
313
54
313
54
762
54
762
54
762
54
762
54
762
54
762
1203
626
1203
626
1203
626
1203
626
125
826
125
826
581
1164
125
1164
581
1164
581
1164
581
1164
581
1164
626
125
1164
626
125
1164
626
125
1164
313
984
313
984
313
984
313
984
313
984
313
984
313
984
313
984
10
711
1272
10
711
1272
10
711
1272
10
711
1272
10
711
1272
10
711
1272
10
711
1272
10
711
1272
10
1272
265
266
1440
1071
1440
1071
1440
1071
879
190
879
190
879
190
879
190
879
190
879
190
879
190
879
190
879
190
1440
182
680
182
680
182
680
182
680
1246
182
680
1246
182
680
1246
182
680
1246
182
875
182
875
182
875
1246
680
4
718
4
718
1225
652
1225
652
1225
652
1225
652
1225
1469
718
1225
1469
718
1469
718
1469
718
963
291
939
263
939
263
939
263
939
291
939
291
963
291
963
291
263
939
1271
709
1271
939
1271
939
1271
939
1271
939
1271
939
709
1271
1469
1271
1469
1271
1469
652
1225
970
297
970
297
970
297
970
297
1470
335
1004
335
1470
335
1470
983
312
983
312
983
312
983
312
983
1470
983
1470
983
1470
983
1470
983
1470
312
983
1471
759
51
759
51
759
51
759
51
759
51
759
51
759
51
1471
759
51
1471
759
1471
759
1471
759
221
1471
51
1471
221
117
221
578
221
578
221
906
221
906
818
117
818
117
818
117
818
117
818
117
818
117
818
117
578
1161
578
1161
578
1161
578
1161
578
1161
1004
335
1470
335
28
713
28
713
28
713
28
713
28
713
335
28
713
335
28
713
335
28
713
119
439
970
439
970
119
439
820
439
820
439
820
439
820
156
852
156
852
156
852
156
852
156
852
156
852
156
852
156
852
219
756
48
756
219
756
219
756
219
852
219
852
219
852
904
219
879
219
904
219
48
756
1223
1219
1304
1220
647
1220
647
1220
647
1220
647
1220
647
1220
647
1220
1304
1220
1304
1378
1304
1378
1304
1378
1304
1378
1304
1378
647
1220
698
324
35
324
698
324
698
324
698
324
698
1262
324
698
1262
698
1262
698
1262
698
1262
698
1262
743
324
743
35
324
994
324
994
324
994
1331
1408
324
1408
1331
1408
1331
1408
1331
1408
1331
1408
261
938
261
938
261
938
261
262
938
262
938
262
938
262
938
262
938
710
938
710
1541
710
1541
710
1541
710
1541
710
1541
140
839
140
839
140
839
140
839
140
839
140
839
140
839
140
839
355
1022
140
1022
355
1022
355
1022
355
1022
355
1022
355
1022
355
1022
355
1022
355
1022
600
1178
600
1178
600
1422
1178
600
1422
1178
1422
1178
1422
1178
1422
1178
1422
433
376
395
376
395
376
395
376
433
376
433
376
433
376
699
376
699
395
376
699
395
699
448
1057
448
1057
448
1057
463
1057
1069
464
1057
1069
464
1057
1069
464
1057
1069
464
1057
1069
464
1069
464
1069
464
1069
464
1069
464
1069
1057
464
1069
1211
635
1459
1211
635
1211
635
1211
635
1211
635
1211
635
1211
635
1211
635
1211
635
1211
635
1459
390
1459
390
636
1459
635
1459
636
1459
636
463
394
694
394
694
394
694
394
694
394
694
5
719
436
719
5
719
394
719
394
719
394
719
394
719
394
719
436
377
436
377
436
377
436
377
1442
222
907
1456
907
1456
23
907
1442
907
23
357
23
357
23
357
23
357
23
907
23
907
23
907
222
907
222
907
357
23
907
357
1457
1543
1457
1543
1457
1543
1457
1543
1457
1543
1457
1543
315
452
986
315
452
986
315
452
986
452
986
1543
315
452
986
1543
315
452
986
1543
315
452
986
1543
315
452
986
1543
315
452
986
1458
1344
1276
1344
1276
1344
1276
1344
1458
1276
1344
420
1041
420
1041
420
1041
1443
548
381
449
381
449
381
449
381
449
381
449
381
449
381
449
381
449
381
449
1443
1041
1443
1041
1443
1041
1443
1041
1443
1041
1443
1041
1330
1407
1303
1377
1303
1377
1303
1377
1303
1377
528
1303
1407
1303
1407
1330
1407
1330
1407
1330
1407
1330
1407
1330
1407
1330
1407
1330
1407
1330
1407
1303
1117
528
1117
528
1117
528
1117
528
1303
1117
1303
1117
1303
1117
1303
1117
184
366
184
366
184
366
185
198
185
198
185
198
185
198
185
198
185
198
185
198
185
198
185
887
185
887
198
185
887
198
887
885
187
885
187
885
187
885
187
885
187
885
196
187
885
196
187
885
196
187
885
196
187
885
196
187
196
505
1103
458
1065
1103
1065
310
1065
310
1065
310
1065
458
1065
505
523
1103
1065
505
1103
523
505
1103
523
505
1103
1065
310
982
310
982
310
982
310
982
1283
1231
1283
1356
1283
1356
1283
1356
348
1283
348
1015
348
1015
348
1015
348
1015
934
256
934
256
934
256
282
712
256
282
712
256
282
712
256
282
712
256
282
712
256
282
712
256
282
712
1273
712
1273
1362
1423
1353
225
1423
225
1353
225
1423
225
1423
225
1423
225
1423
225
1423
1362
1423
225
909
225
909
225
909
167
863
167
863
167
863
167
863
167
863
167
863
167
863
167
863
1452
167
863
1452
796
93
796
93
796
93
796
93
796
93
796
93
796
1452
796
1452
796
1452
863
1452
863
1452
93
796
1134
548
381
548
381
548
1134
548
1134
548
1134
548
1134
548
1134
548
1134
548
1134
548
1443
188
1453
877
1453
877
1453
877
1453
877
1453
22
1453
22
1453
22
1453
877
188
877
188
877
188
877
188
877
188
877
188
1453
22
356
22
356
22
356
22
356
22
356
22
356
22
356
22
356
29
442
29
737
29
737
29
737
29
737
29
737
29
737
29
737
29
737
29
737
29
737
160
161
160
161
160
161
160
857
161
160
857
161
160
857
161
442
161
857
161
857
442
1053
442
1053
442
1053
442
1053
442
1053
442
1053
442
1053
442
1053
1454
236
1099
236
1099
236
1213
236
1213
236
1213
236
1213
638
236
1213
638
236
1454
740
32
740
32
740
32
740
32
740
32
740
1454
32
740
1455
424
1455
424
1455
424
1455
1045
424
1045
1455
1045
1231
442
1231
663
1231
663
1231
663
1231
663
1231
663
1231
663
1231
663
638
1213
638
1213
1099
501
1099
501
236
