x
1
716
731
20
370
318
244
243
405
1029
26
735
100
1394
1319
78
431
1191
613
1113
522
1258
692
1210
634
204
166
954
279
761
53
893
205
853
158
855
701
1264
194
883
1481
1020
353
787
83
998
328
403
1027
1482
539
1126
1084
482
242
923
285
959
849
153
509
1106
508
1105
706
1268
413
1035
717
2
1466
1464
1269
707
1009
342
1465
1120
531
1463
1409
1332
447
1056
681
542
1247
284
958
1460
390
636
1459
635
1211
1069
464
448
1057
394
694
463
452
315
986
1457
1543
1458
1344
1276
1041
420
1407
1330
1303
1377
1117
528
184
366
185
887
198
885
187
196
505
1103
523
1065
458
982
310
1356
1283
348
1015
356
22
1453
877
188
449
381
1443
548
1134
93
796
1452
863
167
225
909
1353
1362
1423
1273
712
934
282
256
29
737
857
161
160
442
1053
1454
740
32
1455
424
1045
663
1231
638
1213
236
1099
501
337
374
1346
1277
1154
571
1404
1328
210
239
920
1212
637
1451
708
1270
1002
333
267
942
763
55
1265
702
662
1230
258
935
410
1033
827
126
512
1109
1527
913
229
922
241
351
1018
1044
401
423
813
112
573
1156
950
275
1130
544
670
1237
1448
1123
534
543
1129
843
146
296
969
402
1026
427
1047
1061
454
598
1177
157
854
1031
407
1094
494
495
444
380
554
1139
1526
1542
536
1124
7
721
519
1111
408
340
655
3
594
1174
193
882
1484
1037
415
903
218
479
1081
1301
1375
945
270
733
24
255
933
36
744
1483
726
14
1485
1019
352
148
845
579
1162
1030
406
1478
1477
429
1474
517
1480
807
107
964
292
226
910
1427
1039
417
897
209
1390
1315
1316
120
821
1391
822
121
504
1102
201
890
608
1186
924
245
648
1329
1221
1405
1144
559
847
150
869
174
1079
476
1091
490
811
110
583
1166
748
40
917
233
603
1181
1539
1216
641
834
134
1538
422
1043
1342
1420
561
1146
44
752
74
779
1428
450
1058
1426
336
1005
496
1095
1496
587
974
301
1180
602
990
320
19
728
1345
16
1495
1242
676
485
1087
472
1075
1255
689
831
130
585
1168
1290
639
1364
1214
1504
833
133
68
773
82
786
946
271
1412
1334
1064
230
914
457
1497
1010
289
343
961
651
67
1224
772
432
1050
1286
1359
1143
558
240
921
1498
1074
471
224
908
128
212
829
899
836
136
1028
404
1491
338
1006
1490
1489
62
61
286
287
1400
810
809
109
1116
527
1488
84
1327
1403
767
59
837
137
766
58
610
1188
754
46
937
260
70
775
902
216
211
898
104
359
803
102
1517
628
1205
383
537
1351
397
6
720
1296
1370
552
1137
445
1054
325
995
664
1232
953
278
947
272
1535
375
412
385
566
622
1200
1202
625
1194
616
780
75
1369
1295
665
392
962
290
1437
1604
1603
1285
1358
1606
1607
1537
1055
446
428
1048
703
8
396
71
776
1165
582
1245
679
326
996
1605
316
987
894
206
1602
529
1118
173
868
1347
1406
1598
1599
722
9
502
1100
1514
633
389
367
235
978
305
685
1511
1251
861
165
659
658
208
896
564
1149
1597
268
943
929
251
467
1070
1008
341
609
1187
746
38
1595
1594
179
872
1593
591
1171
1049
430
1172
592
332
1001
874
181
862
1340
1418
569
386
200
387
589
889
1612
1397
1322
1611
172
363
657
1228
1278
1348
1610
1198
620
1613
257
371
1536
1297
1371
1621
1615
391
654
142
841
560
1350
1280
440
1052
441
1145
1617
1384
1310
747
39
311
373
1244
678
1616
21
732
770
65
11
723
1614
345
1012
1284
1357
656
1227
532
1121
237
368
1544
955
280
178
365
503
1101
1098
499
1153
570
438
378
362
152
314
985
673
1239
764
56
574
1157
575
1158
586
1169
1112
521
1618
94
797
1620
1619
873
180
483
1085
1152
568
584
1167
824
123
358
60
876
186
456
1063
1341
1419
162
858
202
891
611
1189
1447
604
1182
1580
973
300
1584
1583
1582
1577
195
884
13
725
1574
1575
49
757
1512
274
949
455
1062
769
64
671
1238
672
1572
930
252
819
118
1573
916
232
997
327
925
246
419
1040
1578
1326
1402
1097
498
1579
1068
462
108
808
1596
197
886
881
192
1601
1513
364
177
988
317
956
281
1381
1307
1570
1355
1282
1387
1312
926
248
478
1080
469
1072
1132
546
556
1141
1520
1569
1568
1034
411
169
864
1521
1562
1559
1564
1293
1367
1565
1235
668
223
642
912
228
453
1060
1566
1567
1522
905
220
991
321
384
550
1556
1209
632
1555
465
612
1446
1190
1248
682
435
804
103
1421
1343
1553
1554
1552
580
1163
1551
919
238
1142
557
510
1107
1557
124
825
1119
530
1558
1127
540
1560
1561
1547
1546
870
175
1545
382
513
860
164
515
514
1217
644
299
972
1550
1151
567
1549
354
1021
1524
1548
595
369
388
1563
730
18
840
141
249
927
1519
1136
551
1382
1308
1066
459
215
901
627
1204
684
1250
865
168
1571
553
1138
538
1125
683
1249
1576
734
25
596
1175
81
785
1587
1529
1588
1590
1591
1523
393
693
1525
1532
1530
1586
1581
1585
1352
1399
1324
1528
1589
1531
507
92
518
520
1411
533
1122
1533
1534
213
900
214
1414
1336
319
989
535
1518
129
830
1208
631
1192
614
42
750
1379
1305
72
777
1516
1078
475
85
788
1082
480
1240
674
547
1133
977
304
1206
629
615
1193
1503
303
976
1197
619
1256
690
915
50
231
758
1279
1349
805
105
253
931
1389
1314
97
800
1368
1294
77
782
675
1241
298
971
1505
1000
330
33
741
488
1090
489
227
911
1185
607
57
765
1509
856
159
806
106
1508
1438
1410
1333
798
95
1311
1385
1386
1179
1289
1363
601
1401
1325
144
460
477
1609
562
1147
1608
306
372
12
724
293
965
1515
867
171
1600
738
30
1425
497
1096
461
1067
878
189
1226
653
1510
73
778
918
234
1424
360
131
832
132
815
114
86
789
606
344
1184
1011
1173
593
331
329
999
715
1275
957
283
1108
511
729
17
1501
87
790
851
155
1500
812
437
111
1259
695
661
1257
691
781
76
783
79
149
846
981
309
1374
1300
113
727
814
15
660
1229
753
45
1499
90
794
749
41
545
1131
1494
1413
1335
1089
487
273
948
667
1234
398
1023
1252
686
434
1051
347
1014
43
751
850
154
1415
1337
555
1140
1024
1493
399
1313
1388
1429
1432
486
1088
1430
1036
414
1306
1380
1309
1383
1492
1431
1013
346
1373
47
1299
755
1398
1323
944
269
101
802
795
91
541
1128
1083
481
451
1059
1042
421
308
980
1540
302
975
400
1025
1199
621
774
69
895
207
768
63
835
1159
135
576
416
1038
1502
1104
506
99
801
645
1218
491
1092
492
89
793
791
1433
1233
666
1435
409
1032
687
1253
66
771
1434
816
115
1436
1201
623
1287
1360
516
1110
888
199
484
1086
1439
1361
1288
1354
1281
577
1160
960
288
1507
1222
649
1506
1263
700
1243
677
1073
470
98
1093
493
859
163
1479
1487
590
1170
1486
466
618
1196
624
183
951
276
88
792
1135
549
1449
443
138
599
379
1461
643
145
217
361
992
322
31
739
418
928
250
936
259
1462
699
395
433
376
600
1422
1178
1022
355
839
140
1016
349
1473
1176
597
474
1077
1195
617
968
295
979
307
264
940
705
1267
1155
572
1046
425
426
1472
127
828
122
823
339
1007
704
1266
1476
1441
1475
500
1365
1291
710
1541
262
938
261
1331
1408
698
1262
324
994
743
35
524
525
1114
760
52
37
745
1219
646
1220
647
1378
1304
1396
1321
838
139
1416
1338
277
952
650
1223
1417
1339
756
48
156
852
219
904
879
190
468
1071
941
266
265
1272
10
711
54
762
294
967
143
842
1372
1298
640
1215
1392
1317
473
1076
151
848
1292
1366
96
799
147
844
630
1207
742
34
817
116
1467
563
1148
27
736
1254
688
526
1115
1003
334
1468
669
1236
984
313
1164
581
125
826
626
1203
880
191
1376
1302
1395
1320
254
932
170
866
1150
565
350
1017
784
80
312
983
1470
439
119
970
297
820
652
1225
718
4
1469
709
1271
263
939
963
291
680
1246
182
875
1440
713
28
335
1004
1471
51
759
1161
578
221
906
818
117
966
1450
247
871
176
696
1260
697
1261
203
892
1274
714
1393
1318
323
993
1183
605
5
719
377
436
1442
222
907
1456
23
357
588
1592
1444
1445
