x
1
716
1
716
1
716
1
716
1
716
1
716
1
716
1
716
1
716
1
716
731
20
731
20
731
20
731
20
716
20
731
20
731
20
731
20
731
20
731
318
243
370
244
370
318
243
318
405
1029
405
244
318
405
318
243
405
1029
405
1029
405
1029
405
1029
405
1029
405
318
100
735
100
735
26
735
26
100
735
100
26
735
100
735
26
735
100
735
26
735
100
735
100
735
936
259
936
259
936
259
936
259
936
259
1462
250
928
250
928
1462
928
1462
928
1462
928
1462
928
1462
418
31
322
361
217
361
145
217
322
992
322
992
322
1449
1461
1449
1461
443
599
138
379
599
138
599
138
443
138
599
138
599
443
599
379
138
599
138
599
138
599
681
1247
542
1247
681
1247
681
1247
681
1247
542
681
1247
542
681
1247
681
1247
681
542
681
1247
542
681
958
1460
958
284
958
1460
958
1460
1056
1460
1056
447
1056
1460
681
542
958
284
958
284
958
1460
1056
447
1056
1460
958
1460
1056
447
1056
1460
958
1460
284
958
284
958
1460
1409
1463
1269
707
1269
707
1269
1120
342
1009
342
1009
342
1009
342
1009
342
1009
342
1009
342
1120
531
1120
531
1120
531
1120
1269
707
1269
1463
1332
1463
1409
1332
1463
1332
1463
1465
1120
1465
1120
531
1120
1009
1463
1269
1464
1466
2
717
2
717
1466
1464
1466
717
1466
1464
1466
1464
1466
1464
1466
1464
1466
717
413
717
2
717
2
717
2
717
1466
717
413
1035
413
1035
413
1035
413
1035
413
717
1268
1105
508
1105
508
1105
508
1105
508
1268
959
285
959
509
1106
509
849
153
849
153
849
509
1106
509
849
153
849
959
285
959
1268
959
509
1106
509
849
153
849
509
849
1030
406
1030
406
1030
406
1030
406
1030
923
242
923
242
923
242
923
242
923
1030
923
242
923
242
923
242
923
242
923
242
959
1268
706
1268
508
1268
706
1268
413
717
1268
959
285
959
1268
959
1268
508
1268
959
509
959
1126
1084
482
1084
482
1084
482
1084
1126
539
1126
1030
1126
1030
406
1030
539
1126
539
1126
579
148
579
1482
1027
403
1027
403
1027
1482
1027
403
1027
1482
579
1482
1027
403
1027
1482
1027
998
328
998
328
998
328
998
328
998
328
998
328
998
1027
1482
579
148
579
1162
579
1162
579
1162
579
1162
579
1482
148
1019
1485
1019
352
1019
148
1019
352
1019
1485
1019
148
845
148
1019
148
1019
148
1019
148
1019
148
845
148
1485
1019
1170
590
1487
1170
1487
1170
590
1170
590
1170
590
1170
590
1170
590
1170
590
1170
1486
1487
1479
1487
1479
1487
1486
1487
624
951
624
618
183
951
276
951
276
951
276
951
276
951
276
951
276
951
624
618
466
1196
466
1196
618
466
1196
466
624
183
1487
212
899
212
899
128
899
212
899
829
899
829
212
829
128
899
829
128
212
128
899
212
899
212
829
212
471
1074
471
224
908
224
908
471
908
1074
908
471
908
471
908
471
908
224
471
908
224
908
471
908
471
908
224
471
224
1074
471
1498
240
921
1498
921
240
921
1498
240
1498
240
836
1143
558
1143
558
1143
558
1143
558
1143
558
1143
558
1143
558
1143
1359
836
1359
836
432
1050
432
836
136
836
1359
1143
1359
1286
1359
836
136
836
1359
1143
558
1359
836
136
836
1050
432
1050
432
1050
432
1050
432
1050
432
1050
432
836
1359
432
1050
432
772
1224
772
1224
67
772
1224
651
772
1224
772
651
67
772
1224
651
1497
1010
289
1497
1064
457
1064
457
914
1064
457
914
457
230
457
914
230
1064
457
1064
457
230
457
914
457
230
457
914
230
621
207
63
768
63
895
207
895
207
895
207
63
768
63
768
63
207
895
207
895
207
895
207
895
207
895
768
63
768
63
895
63
768
63
768
63
895
207
63
1496
336
1426
336
1426
1005
1426
1005
336
1426
1005
336
1426
336
1005
336
1426
1005
336
1005
1426
336
1005
1426
1005
336
1426
336
1426
1005
1426
1059
451
1059
451
1059
451
1059
451
1059
451
980
1042
421
1042
421
1042
421
1042
421
1042
421
1042
421
1042
421
1042
421
1042
421
1042
1540
980
1540
980
308
980
1540
975
1540
980
302
980
308
980
975
302
980
1540
980
400
1025
400
1025
400
1025
400
1025
400
1025
1359
1286
1359
836
240
1498
240
1498
240
921
240
1498
240
1498
240
1498
212
899
212
1479
1477
1478
1477
1478
1477
1478
1477
1478
1477
1478
1477
1478
1477
1478
1477
1478
1477
1478
1477
1478
1477
1478
1030
406
1030
1126
998
328
998
883
1264
701
1264
701
1264
701
1264
701
1264
701
1264
1481
1264
701
1264
1481
83
787
83
353
83
787
83
1264
701
1264
83
1481
194
1481
194
883
194
1481
194
1481
194
1481
194
1481
855
158
855
853
205
893
853
893
205
893
853
205
893
205
893
853
893
205
893
853
205
853
205
853
205
855
158
855
158
855
158
855
158
855
158
855
792
88
792
1135
549
1135
549
1135
792
1135
549
1135
792
1135
549
792
1135
792
549
1135
792
1135
549
792
88
792
88
792
88
792
1135
1449
322
217
145
217
361
1449
1461
1449
1461
1449
643
1449
643
1449
322
217
145
361
217
145
361
217
361
217
145
361
217
145
322
361
217
145
217
322
31
739
31
739
31
739
31
322
31
322
31
739
31
739
31
322
31
418
100
1394
1319
1394
78
431
78
1319
1394
1319
1394
78
1319
1394
1319
1394
1319
1394
1319
78
431
78
431
78
431
78
431
78
431
78
431
1319
78
613
763
55
763
571
763
1154
571
1154
571
763
571
1154
571
1328
1404
1328
1451
210
1328
210
1328
1404
1451
1212
637
1212
637
1212
637
1212
637
1212
637
1212
637
1212
1451
210
1328
1404
1328
1404
1328
210
1328
210
1328
239
920
239
920
239
920
239
210
1451
333
1002
333
1002
333
1002
333
1002
333
1002
333
1002
333
1002
333
1270
708
1270
333
1002
708
1270
708
1270
708
1270
708
1270
708
1270
708
1270
708
1270
1527
1109
512
1109
126
1527
1109
512
1109
1527
126
410
258
410
1033
410
126
827
126
827
126
827
410
1033
410
258
267
942
267
258
935
258
410
126
410
1033
410
126
410
126
258
935
258
410
258
410
258
942
267
942
267
942
267
942
267
942
267
258
1265
702
1265
702
1265
702
1265
702
1265
1230
662
1230
662
1230
1265
702
1265
1230
1265
763
613
1191
613
1191
613
1191
613
1191
613
1191
613
1191
613
1191
613
1191
763
55
763
662
1230
267
1451
1212
1451
374
337
374
337
374
337
374
337
374
337
374
1346
763
337
374
1346
1277
1346
1277
1346
1277
1346
1277
1346
1277
1346
1277
1346
522
1113
522
1113
522
1258
692
1258
522
692
1258
692
1258
522
1113
522
692
1258
692
522
1258
692
522
692
1258
692
1258
692
1258
692
1258
634
204
166
204
166
204
634
1210
634
204
634
1210
634
204
634
1210
634
204
279
954
279
954
279
954
279
954
279
954
279
954
53
761
53
761
53
761
53
761
53
761
53
761
53
761
53
761
353
83
787
83
787
83
353
1020
353
1020
353
1020
353
1020
353
1020
933
255
933
726
36
744
36
744
36
933
36
744
726
14
726
14
726
14
726
14
726
14
726
14
726
1483
14
726
14
726
36
744
933
255
933
255
933
255
933
255
933
726
1483
36
933
24
270
945
270
24
733
24
733
24
270
903
24
270
945
270
24
218
903
479
1375
24
733
24
903
218
903
218
903
218
903
479
1081
479
1081
479
1081
479
1081
479
1375
1301
1375
1301
1375
1301
1375
479
1081
479
903
415
1037
415
1037
415
1037
415
1037
415
1037
415
1037
415
1037
415
1037
415
1037
415
1037
415
1037
1484
193
1484
882
1484
193
1484
193
882
193
1484
193
1484
193
1484
193
1484
193
1484
882
1484
882
193
340
408
340
1174
655
594
655
3
594
1174
655
1174
340
3
594
340
655
1174
3
594
1174
655
3
340
594
340
594
655
3
1174
655
340
408
340
1174
340
408
340
408
1111
519
567
319
989
319
989
319
989
319
567
319
567
1550
299
972
299
972
567
1151
567
1151
567
1151
567
1151
567
972
299
972
1550
567
1217
644
1217
1549
1217
567
1217
1549
1217
1549
1021
1549
1217
1549
1217
972
1217
1549
1217
644
1217
1549
1524
1021
354
1021
354
1021
1524
1549
1217
1549
1524
1021
1524
1021
1524
1548
1545
1546
1561
1559
1561
1560
164
860
515
164
860
164
860
164
860
164
860
164
860
164
860
164
860
164
860
164
860
164
514
515
514
515
514
515
382
513
382
513
382
513
382
513
382
513
382
513
382
513
382
513
382
513
382
513
382
513
1545
870
1545
1548
354
1524
1111
519
1111
519
1111
519
1111
519
1111
519
1111
519
1111
519
1111
519
1111
519
7
536
1124
536
7
721
7
536
7
536
7
536
7
1124
536
1526
1542
1526
7
721
7
721
7
1124
536
1526
1542
1526
536
7
1526
1139
554
1139
1526
554
1526
7
1526
536
1526
1542
1526
1139
494
1094
494
444
380
444
407
444
494
1094
494
444
494
444
380
444
495
494
1094
495
494
495
494
444
407
1031
407
1031
950
573
1018
950
275
950
423
813
112
813
112
813
573
1156
573
1156
573
1156
573
1018
351
1018
351
1018
351
1018
351
1018
950
275
950
275
950
573
401
1044
401
423
1044
423
401
1044
401
1044
401
423
401
423
1044
401
1044
423
1044
423
401
1044
401
1044
423
401
1044
401
423
813
112
543
1129
843
146
1129
843
146
1129
146
843
146
843
146
843
146
843
146
843
146
843
146
843
146
843
146
1129
543
1129
1061
1177
854
157
854
157
854
157
854
157
854
157
854
157
854
157
854
157
854
157
854
157
854
1177
598
1177
598
1177
454
1061
454
1061
454
1177
598
1177
454
1061
454
1061
454
1177
454
1061
454
427
1047
427
1047
427
1047
427
1047
427
1047
969
1026
969
1026
402
1026
969
1047
1026
969
402
1026
969
1026
969
1026
969
296
969
296
969
1026
969
1026
402
1026
1047
969
241
229
241
922
241
922
241
229
241
922
241
229
913
229
913
229
913
229
913
229
241
229
241
922
241
229
913
229
573
950
573
1156
573
950
1018
950
1130
1123
534
1123
1448
670
1448
670
1237
670
1237
670
1448
670
1448
670
1237
1448
1123
534
1123
1448
670
1448
1123
1130
544
1123
544
1130
544
1130
544
1130
544
1130
544
1130
544
1123
544
1130
544
1130
1123
544
1130
544
1123
534
1123
1448
1123
1448
1533
1534
1533
1534
1533
1534
1533
1534
1533
1534
1122
1534
1533
1534
1122
1534
533
1534
533
1122
1534
1122
1534
533
1122
533
1411
92
520
518
520
518
520
518
1411
518
92
507
92
518
1411
92
1411
92
518
92
520
518
1411
92
520
518
92
518
1411
92
518
92
507
588
507
588
507
588
1592
1531
1589
1531
1589
1531
1592
588
1592
1531
1589
1531
1592
1531
1589
1531
1589
1531
1589
1531
1592
1531
1589
1581
1528
1324
1189
611
1189
611
1189
611
1189
611
1189
611
1189
611
1189
611
1189
1585
1324
1352
1324
1528
1581
1528
1585
1324
1399
1324
1528
1324
1399
1324
1528
1581
1528
1581
1528
1581
1528
1581
1528
1581
1528
1581
1528
1586
1529
1584
973
300
973
1584
1586
1584
1529
1584
1586
1584
1586
1529
1587
1529
1587
1529
1588
1529
1587
1529
1588
1590
1532
1590
1591
1523
393
1523
1591
1523
1591
1590
1532
1530
1532
1530
1532
1530
1532
1530
1532
1590
393
693
393
1523
1591
393
693
393
1591
1523
81
785
81
785
81
785
81
785
81
785
1523
1587
1529
1588
1532
1530
1532
1590
1532
1590
1532
1590
1525
393
1523
1591
1590
1591
1523
393
1523
393
1591
1523
393
693
393
693
393
1525
1336
900
214
900
214
900
1336
1414
1336
900
213
214
1336
1414
1336
214
900
214
1336
900
213
1336
213
900
214
900
214
1336
900
214
900
1336
1414
1336
1554
1553
1421
804
1553
1554
1553
1554
1553
1554
1553
1554
1553
1554
1553
1554
1553
1554
1553
1421
1248
1421
103
435
804
435
103
435
1421
435
103
435
103
435
804
435
103
804
103
435
103
804
435
1421
1343
1421
1248
682
1248
682
1248
682
1248
682
1248
1421
804
435
804
103
435
1421
1248
682
1248
1555
612
1555
1446
1555
1446
1555
1190
465
1190
1446
1190
612
1190
612
465
1190
1555
1446
465
1446
612
1446
1555
465
612
1446
612
1190
1555
465
1555
612
1446
1190
1555
1190
1446
465
1555
632
1209
632
1209
632
1209
632
1209
321
991
321
550
1556
550
905
220
905
220
905
220
905
220
905
220
905
220
905
220
905
321
550
321
991
321
991
321
991
550
1556
550
384
550
1556
550
384
550
1556
1421
1343
1421
1343
1421
1553
1552
580
1163
580
1552
580
1163
580
1551
580
1163
580
1552
580
1163
580
1552
1551
238
919
238
1551
238
919
238
919
238
1142
557
1142
557
1142
510
1107
510
1107
510
238
1551
238
1551
238
919
238
1551
580
1163
580
1551
580
1551
238
919
238
1142
510
1142
510
1142
1557
124
1557
124
1557
124
825
124
1557
124
825
124
825
124
825
124
825
124
1119
530
1119
530
1119
530
1119
530
1119
530
1119
530
1119
530
1119
530
1119
530
1119
530
124
1558
540
1558
540
1558
1127
1558
540
1558
540
1127
1558
540
1558
540
1127
1558
540
1558
1127
540
1127
540
1558
1127
540
1558
540
1560
1561
1546
1545
175
870
175
870
175
870
175
870
175
870
175
1545
175
870
175
870
175
1546
1547
1546
1547
1546
1547
1546
1547
1546
1547
1546
1547
1546
1547
1546
1547
1546
1547
1561
1560
1561
1559
1562
1521
1562
1521
1563
1521
1563
388
1563
388
369
1563
595
1563
388
369
1563
369
388
369
1563
369
1563
1521
1563
595
369
388
369
1563
141
840
249
927
249
141
840
141
249
927
249
927
249
927
249
927
249
840
249
927
249
927
249
927
249
927
1569
1568
169
1034
169
1034
411
1034
411
1034
1568
169
1034
1568
169
1568
1569
1568
1034
169
864
169
864
169
1568
1034
411
1034
1568
1569
1568
169
1568
1569
1568
1564
1293
1367
1293
1367
1293
1060
1564
1293
1367
1293
1564
1293
1564
1293
1564
1293
1565
1567
1522
1567
1565
668
1566
668
1235
668
1235
1566
668
1566
1060
453
1060
453
1060
453
1060
453
1060
453
1060
642
912
642
1060
1566
642
912
642
223
642
228
642
1564
642
223
642
228
642
228
642
912
1060
1566
1060
1566
668
1565
1567
1522
1567
1522
1567
1522
1567
1522
1567
1522
1567
1565
1567
1522
220
905
991
1125
538
1125
538
1125
1249
1125
1249
683
1249
683
1249
683
1249
1125
1249
683
1249
1125
538
1125
538
1125
538
1125
1571
865
168
865
168
865
168
865
168
865
168
865
168
865
168
865
627
684
627
684
627
684
627
1204
627
1204
627
865
168
865
1571
1138
1571
1138
553
1138
1571
1138
1571
1138
1571
1138
1571
1138
1571
1138
1571
553
1138
1571
1138
1575
1574
1575
1574
1575
1574
1575
1574
1575
1574
1575
1574
1575
1574
1575
1574
1575
1576
25
1576
884
1576
25
1577
1576
1575
1574
13
1577
13
725
13
725
13
725
13
725
13
725
13
884
195
884
195
884
195
884
195
884
195
884
195
884
195
884
195
884
195
884
195
1576
25
734
25
734
25
734
25
1175
25
1175
25
1175
596
1175
25
1175
596
1175
596
1175
596
1175
596
1175
596
1175
25
1175
81
1582
1577
195
1576
1575
1574
13
1574
13
1577
1582
1577
1582
1577
1582
1577
1582
1577
1582
1577
1582
1583
1584
1583
1584
1583
1584
1586
1584
973
300
1580
604
1182
604
1447
1580
1447
1580
604
1182
604
1182
1447
1585
1324
1352
1324
1447
604
1182
604
1182
1447
1580
1447
604
1447
604
1580
1447
1579
1040
419
1040
1578
1040
1578
1596
462
1596
108
808
108
1596
462
1068
462
1040
419
1040
419
1040
1578
1040
1578
1040
419
1040
1578
1097
498
1326
1097
1326
1097
1402
1097
1402
1097
1326
1097
1326
1097
1402
1326
1402
1097
498
1097
1326
1097
1402
1326
1097
1579
1040
462
1596
108
1594
1596
108
808
108
1594
1595
38
1595
1594
1595
1594
1595
1594
38
1172
38
746
38
1595
1594
1595
1187
341
1008
341
1008
341
1008
341
1187
38
746
38
1187
609
1187
896
341
1008
341
1187
896
659
861
658
659
658
659
658
659
658
659
658
659
658
659
658
659
658
659
658
659
861
165
861
165
861
165
861
165
861
165
861
165
861
165
861
165
1251
685
1251
685
589
387
589
387
589
387
589
387
589
387
589
387
633
389
633
389
633
387
633
389
633
389
633
1514
502
1100
502
1514
502
1514
502
1514
502
1514
502
1100
502
1514
502
1100
502
1514
192
9
1599
9
1601
192
881
192
881
192
881
192
881
192
881
192
881
192
881
192
881
192
881
192
881
197
886
268
943
268
943
268
943
268
943
268
943
1597
564
1149
564
1149
564
1149
1597
929
1597
929
251
929
251
929
251
929
251
929
251
929
1597
251
929
251
929
251
929
251
929
564
1149
467
1070
467
1070
467
1070
467
1070
467
896
208
896
208
896
208
896
467
896
208
896
1187
609
1187
592
1172
592
1172
592
1172
592
1172
592
1172
592
1172
592
1172
430
1049
430
1049
430
1049
1171
591
1171
591
1171
591
1171
591
1171
591
1171
591
1593
1189
1593
872
179
872
179
872
179
872
1593
872
1594
1593
179
872
179
872
1593
1171
1594
1595
38
746
38
746
38
1595
38
1595
1594
1593
1189
1593
1189
611
1593
1594
462
1068
462
1596
246
925
246
997
246
997
246
925
246
925
246
997
246
997
327
997
327
997
327
997
246
925
246
997
246
925
246
997
327
997
232
916
1573
232
819
1573
232
916
232
1573
232
1573
819
1573
232
1573
232
916
232
819
1573
232
916
232
1573
819
118
819
1573
819
1573
819
1573
819
118
252
930
1572
671
1238
671
1238
671
672
671
672
671
1238
671
672
671
1572
930
252
930
252
930
252
930
671
930
252
930
671
672
671
672
671
1572
455
1062
455
1062
455
769
455
769
64
769
455
769
455
769
64
769
455
769
64
769
64
769
455
1062
455
1062
455
769
64
769
1512
949
1512
274
1512
274
1512
274
1512
274
1512
949
274
1512
757
49
757
49
757
49
757
49
757
49
757
49
757
49
757
49
757
1512
949
1512
949
1512
274
1512
274
627
1250
684
1250
684
865
627
684
627
684
215
1066
459
1066
1520
1066
215
901
215
901
215
1141
556
1141
556
1141
1520
1141
1520
1141
556
1141
556
1141
1520
1066
1520
546
1132
546
1132
546
1132
546
1132
546
1520
215
1066
469
1072
469
1072
469
1072
469
1072
469
1072
469
1072
469
1072
1080
926
248
926
248
926
1080
478
1080
926
1080
926
1387
926
248
926
1080
1072
1308
1066
459
1066
215
901
215
901
215
901
215
901
215
1066
1308
1382
1308
1072
1080
926
248
926
1080
1308
1080
478
1080
1308
1382
1308
1382
1308
1080
926
1080
1072
1520
1066
215
1066
281
956
1513
281
956
281
1513
281
956
281
317
281
956
281
956
281
1513
281
1513
364
177
364
177
364
317
281
1513
364
177
364
177
364
177
364
177
364
177
364
1513
364
317
988
317
886
197
886
197
886
197
886
197
886
197
886
317
988
317
988
317
988
317
1601
9
1601
9
722
9
722
9
1599
9
722
9
1599
9
1599
1598
1347
173
1118
529
1118
529
1118
529
1118
529
1118
529
1118
529
1118
529
1118
529
1118
529
1118
173
868
173
867
171
867
171
867
171
867
171
867
171
867
171
867
171
867
171
867
171
867
173
868
173
868
173
868
173
868
173
868
173
867
171
1118
1602
206
1602
987
316
987
326
996
326
1605
987
1605
326
1605
326
1605
987
316
987
1605
326
1605
326
1605
987
1602
987
1602
1347
1406
1347
1406
1347
1406
1347
1598
1347
1598
1347
1406
1347
1598
1602
1347
1406
1602
206
894
206
894
206
894
206
1602
206
1602
206
1602
206
894
206
987
326
1605
987
316
987
326
996
326
996
326
1605
679
1165
679
1245
679
1165
582
1165
776
1165
679
1165
679
1165
582
1165
582
1165
679
1245
679
1165
1245
1606
1285
1358
1606
1358
1606
1603
1606
1358
1606
1358
1606
1603
1604
1603
965
293
965
293
965
293
965
293
965
1515
965
293
1515
293
965
293
965
293
965
293
965
293
965
293
1515
1609
562
1147
562
1147
562
1147
562
1147
562
1147
562
1147
562
1147
1603
1604
1603
1606
1603
1606
1603
1358
1285
1606
1603
1606
1607
446
1055
446
428
1048
428
446
1537
446
1055
1537
446
1537
1055
1537
1055
446
1537
446
1537
1055
1537
1055
446
1055
446
1537
446
1055
1537
1055
1537
446
428
1607
428
1048
428
1048
428
1048
8
396
8
703
396
8
703
8
703
8
703
8
703
8
703
396
703
8
396
8
703
8
703
8
396
776
71
776
71
776
71
776
71
776
71
776
71
776
71
776
71
1278
657
620
1198
620
1613
363
172
363
172
363
172
363
172
363
172
363
172
1613
172
1613
657
620
1613
257
1536
257
371
1613
257
1536
257
371
1621
1371
1297
1621
1297
1371
1621
1297
1371
1297
1621
1371
1621
1297
1371
1297
1371
1297
1371
1297
1371
1297
1621
1371
1621
1297
1621
1615
654
1615
654
841
142
841
142
841
142
841
142
841
142
841
142
841
654
1615
654
391
654
391
654
1615
654
1615
1052
440
1052
440
1052
441
1052
440
1052
441
440
1052
440
1052
1350
560
1145
560
1145
560
1145
560
1145
560
1145
560
1145
560
1145
560
1350
1280
1350
1052
1615
654
1615
1052
1350
1280
1350
1280
1350
1280
1350
1280
1350
1280
1350
1280
1350
65
1616
65
1616
732
21
1616
65
770
65
1616
723
11
1614
11
1614
345
1012
345
1012
345
1614
345
1012
345
1614
345
1012
1357
1012
345
1614
1357
1614
723
1614
345
1614
345
1614
1357
1284
1357
1284
1357
1284
1357
1284
1357
656
237
1544
237
368
237
368
237
368
237
1544
237
1544
532
1121
532
1121
532
1121
532
1121
532
1121
532
1121
532
1121
532
1121
532
1121
532
1121
656
1227
656
1227
656
1227
656
1227
656
1227
656
1121
237
1544
237
368
237
1544
237
1544
368
237
280
955
280
955
280
955
280
955
280
955
280
955
280
955
503
955
280
955
365
178
503
1098
503
365
178
365
503
1098
503
499
1098
503
1098
499
1098
503
1101
503
1101
503
1098
499
570
1153
570
438
378
438
378
570
1153
378
570
362
152
362
152
985
152
985
314
985
314
985
362
152
362
152
362
985
314
985
362
152
362
985
362
985
678
1244
678
1244
678
1244
678
1244
678
1244
678
1244
678
1244
678
1244
1616
732
21
732
21
732
21
65
770
65
1616
21
732
1616
65
1616
65
1616
732
21
1616
1310
1617
1310
747
1310
747
1310
747
39
747
1310
1617
1310
1384
1310
747
39
747
39
747
39
747
1310
747
1617
1310
1384
1310
1617
1310
1617
747
39
747
311
373
311
373
311
373
764
1239
673
1239
673
1239
673
1239
673
1239
673
1239
673
1239
764
56
764
56
764
56
764
56
764
56
764
1239
673
1239
673
1239
1445
764
56
764
1445
1444
1445
1063
456
1063
456
1063
456
1063
1445
1063
1341
1445
1063
1445
1444
1445
1063
1419
1341
1419
1341
1419
1341
1445
764
574
1158
162
202
891
202
891
202
162
858
162
858
162
202
162
202
891
202
162
858
162
202
162
202
858
162
858
202
858
123
824
123
1167
584
1167
584
1167
123
824
123
1167
584
1167
123
1167
123
1167
584
1167
584
1167
1001
1152
568
1152
568
1152
568
1152
568
1152
1001
332
1001
1152
60
876
60
358
60
876
358
60
876
186
876
358
60
876
60
876
186
876
186
876
60
358
876
60
358
60
358
60
876
60
358
876
1158
1157
574
1157
574
1158
574
1158
575
1158
574
1157
574
1157
574
1158
575
1158
574
1157
574
1157
574
1157
574
1158
521
1169
521
1112
521
1169
586
1169
586
1169
1112
521
1112
521
1112
521
1112
521
1112
521
1169
586
521
1618
94
797
94
797
94
1620
180
1619
180
873
180
94
1618
94
1618
94
1620
94
1618
1620
180
873
180
1620
1619
180
873
180
873
180
873
180
94
1620
180
483
1085
483
1085
1611
1322
1397
1322
1397
1322
1397
1322
1397
1322
1397
1322
1397
1322
1397
1322
1612
386
569
386
569
386
569
386
1418
1340
1418
1340
386
569
1418
1340
1418
1340
1418
1340
1418
1340
1418
1001
332
1001
332
1001
1167
1001
181
874
862
181
862
181
862
1001
874
181
862
181
874
181
874
181
862
181
1001
181
862
181
874
1001
1251
978
305
978
305
978
305
978
305
978
305
978
1251
685
1511
685
1251
685
1251
978
1251
1511
1251
685
1251
978
305
978
235
367
235
367
235
367
235
367
235
367
235
367
235
367
633
389
387
200
1612
386
1612
200
387
1612
200
1612
200
1612
200
889
200
387
200
1612
200
889
200
1612
386
1397
1322
1397
1322
1611
172
1613
257
371
257
1613
620
1198
620
1613
620
1613
172
657
1198
620
1613
657
172
657
1228
657
1228
657
1278
1348
1278
1348
1278
657
1278
1348
1278
1348
1278
1348
1278
1348
657
1278
657
1613
1610
12
724
12
1610
12
1610
12
1610
12
724
12
1610
12
724
12
724
12
724
12
1610
1608
306
372
1608
372
1608
306
372
1608
372
1608
306
1608
372
1608
372
1608
306
1608
372
1608
372
1608
562
1609
1437
1609
1437
1609
1437
1609
1437
1609
962
665
392
962
665
962
392
665
392
665
962
665
962
290
962
290
962
665
392
665
962
290
962
665
1295
780
75
780
75
780
75
780
1295
780
75
780
75
780
1295
1369
1295
1369
1295
1369
1295
1369
1295
780
75
780
385
375
566
1535
947
953
445
1296
1370
1296
1370
1296
1370
1296
552
1137
552
1137
1296
1370
1296
552
1137
552
1137
552
1137
552
1137
552
1137
552
1137
552
1137
1296
552
1137
552
1296
6
720
397
720
397
720
6
720
6
720
6
397
1351
397
1351
397
720
397
720
397
1351
397
1351
397
6
383
537
383
537
383
537
383
537
383
537
628
1205
1517
359
1517
1078
475
1078
475
1078
475
1078
475
1078
1517
628
1517
359
1517
445
325
1054
445
995
445
995
325
445
325
1054
325
445
325
445
325
445
1054
995
1054
445
1054
445
325
445
1054
325
1054
953
278
953
278
953
278
953
278
953
278
953
1296
1370
1296
1370
1296
953
278
953
1232
664
1232
664
1232
664
1232
664
1232
664
325
1078
1516
72
777
72
777
72
777
72
777
72
777
72
777
1305
1379
72
777
72
777
72
1516
1379
1305
1379
1305
1379
750
614
1192
750
614
750
42
750
614
1192
614
750
614
1192
614
1192
614
1192
614
1192
614
1192
750
42
750
1518
631
1208
631
1208
631
1208
631
1518
631
1208
631
1518
129
1518
535
1488
527
535
1488
535
1518
830
1518
830
129
830
1518
129
1518
830
1518
631
1518
614
750
72
85
788
85
788
85
1082
480
1082
674
1240
674
1082
85
788
85
788
85
788
85
1082
674
1082
674
1082
674
1082
674
1082
674
1240
674
1240
674
1082
480
1082
547
977
304
977
304
547
1133
547
1133
304
547
977
304
547
977
547
304
977
1133
547
977
304
977
1133
977
1133
977
1133
977
674
1082
629
1206
1193
615
1193
615
1193
1206
629
1193
629
1206
1193
615
1193
1206
629
1206
629
1206
629
1206
629
1206
629
1206
1193
629
1206
629
1193
690
619
1197
690
1256
690
303
690
619
1197
619
690
619
1197
619
1197
619
1197
619
1197
619
1197
619
1197
619
1197
690
1256
690
1197
690
1256
690
303
976
303
976
303
976
303
976
303
690
303
976
303
1503
1193
303
1503
758
50
231
758
50
915
50
758
50
758
915
231
50
231
50
231
915
758
231
50
231
50
231
915
50
915
50
1279
1349
1279
253
1279
1349
1279
1349
1279
1374
1300
1374
661
1374
661
1374
1300
1374
105
805
105
253
931
253
931
253
105
253
931
253
931
253
931
97
1389
1314
1389
1314
1389
1314
1389
1314
1389
1314
1389
1314
1389
1314
1389
1314
1389
1314
1389
97
800
97
800
97
800
97
800
97
800
344
1011
344
1011
344
1184
344
1011
344
1011
1184
1011
1184
1011
1184
606
344
1184
1011
1184
344
1011
1184
1011
344
1184
1011
1184
344
1184
1011
606
1184
344
675
1241
675
1241
675
1241
675
1241
675
1241
675
1241
675
1241
1294
782
1294
77
782
77
782
77
782
1294
1368
1294
1368
1294
782
77
1294
782
77
1294
782
1294
1368
1294
1368
1294
782
1294
782
593
1173
593
1173
593
1173
593
1173
593
1173
593
1173
329
999
329
331
329
999
329
999
329
283
957
283
957
511
329
715
957
283
957
283
957
283
957
283
957
1275
715
329
999
329
1275
715
329
331
999
329
1275
715
1275
715
957
283
957
283
957
729
17
729
790
729
1501
790
1501
729
790
87
790
1501
790
1501
790
1501
790
1501
729
790
1501
790
1501
729
790
87
790
729
17
729
511
1108
511
1108
511
1108
511
1108
309
981
309
846
149
846
149
846
149
846
309
981
309
981
309
846
781
76
781
76
781
76
781
76
781
76
781
76
781
76
781
76
781
76
781
783
79
783
79
783
79
783
79
783
79
783
79
783
79
783
79
783
79
661
691
661
691
1257
691
1257
691
1257
691
661
691
661
691
661
691
661
1504
1290
639
1214
1364
639
1290
1504
1364
1214
639
1504
133
833
133
1504
1290
1364
1290
1504
1364
1290
639
1504
639
1214
639
1290
1364
639
1290
1364
639
1214
1290
1214
1290
639
1364
1504
68
773
68
786
82
133
1504
68
773
68
773
68
786
82
786
82
786
82
786
82
786
68
271
946
271
1412
472
485
1087
485
472
1412
1334
1412
946
271
946
271
946
271
946
1412
1334
1412
1334
1412
946
1412
946
271
946
271
946
271
946
271
946
271
1412
472
1075
472
1075
472
1075
472
1075
472
485
1087
485
472
485
689
1255
689
1255
689
1255
689
1255
689
1255
585
831
1168
831
130
831
130
831
585
130
585
1168
831
585
831
130
1168
585
831
1168
831
130
585
130
1168
831
585
130
585
130
585
130
1168
130
585
68
639
1364
68
773
68
773
68
786
133
833
133
833
133
833
133
833
133
833
133
833
133
833
133
1504
661
691
1374
105
805
105
1374
105
253
1374
1300
1374
1300
1374
1300
1374
846
1500
1259
695
1259
695
1259
695
1259
1500
437
111
437
111
812
111
812
111
812
111
812
111
812
111
812
111
812
111
812
111
812
1500
1259
1500
1259
695
1259
1500
111
812
1259
1500
155
851
155
851
155
851
155
851
155
851
155
851
155
851
155
851
155
851
155
851
155
851
113
15
727
814
15
814
15
814
727
15
727
15
814
15
113
15
814
15
113
15
113
814
727
113
15
814
15
727
814
660
753
90
1499
90
794
90
1499
753
1499
90
794
90
1499
90
1499
90
1499
753
1499
753
45
753
660
1229
660
1229
660
1229
660
1229
660
1229
660
1229
660
1229
753
660
753
1499
753
1499
90
1499
135
835
1159
835
576
835
1159
135
1159
576
1159
135
576
1159
135
1159
135
1159
135
835
576
416
1038
416
1502
1104
506
1104
1502
1104
506
1104
1502
416
1038
416
1502
1104
506
1104
416
859
1093
859
1093
493
1093
493
1093
859
1093
493
859
163
859
163
859
1093
859
1093
491
492
491
1092
491
1092
491
1218
645
1218
1092
492
1218
492
1218
645
1218
99
801
99
801
99
801
99
801
99
801
99
801
1506
1263
1506
1243
649
1243
677
1243
98
1506
700
1506
1263
1506
1243
1506
1243
1506
700
1506
700
1243
1506
700
1506
1243
1506
1233
791
793
791
89
791
793
791
793
791
793
791
89
1233
1433
1233
1433
1233
793
89
791
793
89
793
791
1233
666
1233
1433
1233
666
1233
793
791
793
89
791
1233
1433
1233
409
1233
409
1032
409
1435
1507
409
1507
687
1253
687
1507
409
1435
409
1507
409
1032
409
1032
409
1435
409
1507
687
1507
687
1253
687
1253
687
1507
687
1507
409
1435
1434
771
1434
771
1434
771
66
771
66
771
1434
771
1436
816
115
1436
115
1436
1434
1287
1360
1287
1110
516
1110
516
1110
1287
1110
1360
1287
1360
1287
1110
1287
1360
1287
1360
1287
1110
199
888
199
1110
199
888
199
1110
1201
623
1201
623
1201
623
1201
1436
1201
623
1201
623
1201
1436
816
1436
1434
1507
649
1243
677
1243
98
1073
470
1073
470
1073
470
1073
470
1073
470
1073
470
1073
470
1073
470
1073
470
98
1243
649
1222
649
1222
649
1222
649
1222
649
1222
1505
298
971
298
1505
298
971
298
1505
298
971
298
1505
33
741
33
741
33
741
33
741
33
741
33
741
1505
1000
1505
330
1505
298
971
298
1505
1000
330
1000
330
1000
1505
741
1505
298
1505
741
227
911
227
911
227
1090
489
1090
489
1090
489
1090
227
911
227
1090
488
227
1090
488
1090
227
1090
227
1090
488
1090
227
911
227
911
1090
607
1185
607
1185
607
1185
607
1185
607
1185
607
1185
607
1185
57
1509
57
765
57
1509
57
765
57
765
57
765
57
1509
1508
106
806
1508
806
1508
806
1508
806
1508
95
1333
1438
1333
1438
1333
1438
1333
1438
1410
1333
1438
1410
1438
1333
1410
1333
1410
1438
1508
57
765
57
765
57
1509
856
159
856
159
856
159
856
159
856
159
856
1508
106
95
798
95
798
95
798
95
798
95
798
95
798
95
798
95
798
95
798
1311
1385
1386
1385
1311
1385
1311
1386
1385
1311
1385
1311
1385
1386
1311
1325
477
144
477
460
477
144
460
144
460
477
144
477
144
1325
460
1325
460
477
144
477
144
460
477
1325
1401
1325
1401
1325
1401
1325
1401
1325
1401
1325
1401
1325
144
601
1179
601
1179
1289
1179
1363
1289
1179
601
1363
601
1179
1363
1289
1363
1179
601
1179
1289
1363
1289
601
1363
1289
1363
1179
1363
1289
601
1179
1363
1289
1363
601
1363
1179
1289
601
1179
601
1289
1385
577
1160
1288
1361
1288
484
1439
484
960
288
960
288
960
484
1439
484
1086
484
1439
484
1086
484
1439
484
1439
484
1439
484
1439
1288
1361
1288
1160
577
1160
577
1160
577
1160
577
1160
577
1160
577
1160
577
1160
577
1160
960
1288
1439
484
1439
1281
1354
1281
1354
1281
1354
1281
1354
1281
1354
1281
1354
1281
1354
1281
1354
1281
1354
1281
1354
132
815
114
815
114
815
114
815
114
815
114
815
114
815
114
815
114
815
132
832
132
832
132
815
132
815
1424
918
73
778
73
789
918
234
918
1424
131
360
131
360
131
360
131
360
131
360
131
360
131
360
131
360
131
360
1424
918
234
918
234
918
234
918
234
918
234
918
1424
918
234
918
789
73
778
73
778
73
778
73
778
73
778
73
778
73
778
73
778
73
789
86
789
86
789
86
789
86
789
86
789
778
1510
653
1226
1510
1226
1510
653
1226
653
1226
1510
653
1226
1510
1226
653
1226
1510
189
878
1067
878
189
878
189
878
1067
461
1067
461
1067
189
878
189
878
1067
189
878
1067
461
1067
461
1067
189
878
189
878
1067
1202
625
1202
616
1194
616
1194
616
1194
616
1194
616
1194
616
625
1202
625
1202
625
1202
625
1202
625
1202
616
1202
625
1202
625
1202
1200
622
1200
622
1200
622
1200
622
1200
622
1200
622
1200
622
1200
622
1200
1202
622
1200
622
1200
566
375
566
375
385
375
385
375
566
375
412
375
412
375
566
375
566
375
385
566
375
1535
947
272
947
1535
947
272
947
1535
947
1535
947
272
947
272
947
1535
1425
1096
497
1096
1425
1600
1381
1307
1381
1307
1381
1600
1381
1307
1381
1600
1425
1600
1381
1600
738
30
738
30
738
30
738
30
738
30
738
30
738
30
1425
1096
1425
1096
497
1096
1425
1096
1425
738
1425
1600
1425
30
1425
1600
1381
1307
1381
1600
1381
1600
1355
1282
1355
1282
1355
1570
1282
1355
1570
1282
1570
1312
1387
1312
1387
1312
1387
1312
1387
1312
1387
1312
1387
1312
1387
1312
1387
1312
1387
1312
1387
551
1136
551
1136
551
1136
551
1519
1136
551
1519
551
1519
551
1519
551
1519
551
1519
551
1136
551
1519
102
803
102
803
102
1517
1205
1517
359
104
359
898
211
898
211
898
211
898
359
898
211
898
211
898
359
104
359
104
359
104
359
211
898
216
902
216
902
216
902
216
902
216
902
216
902
216
902
775
902
775
70
775
70
260
937
260
937
260
937
260
937
260
937
260
937
260
937
260
937
260
937
754
46
610
1188
610
1188
610
1188
610
1188
610
1188
610
1188
610
1188
610
1188
610
1188
58
766
58
766
58
766
58
766
58
137
730
754
46
754
46
754
46
754
46
754
46
754
46
754
46
754
46
754
730
18
730
18
730
18
730
18
730
837
137
837
137
837
767
1403
767
1403
1327
1403
84
1403
767
1403
1327
1403
59
767
1403
59
767
1403
84
1403
767
1403
84
1488
527
1488
535
1518
535
1488
527
1116
527
1116
527
1116
527
1116
527
1116
527
1116
527
1116
109
810
1400
810
809
810
1400
810
109
1400
109
809
109
1400
109
810
1400
109
1400
810
1400
810
1400
809
109
810
1400
810
1400
286
287
286
287
286
287
286
287
286
287
286
62
61
62
61
62
61
62
61
62
1489
535
1488
527
1488
535
1489
535
527
535
1489
535
1489
535
1489
1490
1489
1490
1491
338
1006
338
1006
338
1491
1028
404
1028
404
1028
1491
1028
404
1028
404
1028
404
1028
404
1028
404
1028
404
1028
1491
1028
404
67
651
1224
772
67
772
1224
772
651
1224
67
772
1224
651
772
1497
343
1010
961
1010
343
961
343
961
343
961
289
343
1497
1010
343
961
289
1010
961
289
343
1010
343
1010
343
289
1010
343
961
1497
621
69
1199
621
69
621
1199
621
69
1199
621
69
774
69
774
69
774
69
621
1496
496
1496
496
1496
496
1095
496
1496
496
1095
496
1496
496
1095
496
1496
496
1496
496
1496
496
1496
587
301
320
990
320
1180
602
1180
320
1180
301
974
301
974
301
974
301
587
301
320
990
320
1180
320
1180
320
1180
602
320
301
1180
320
1495
1242
676
1242
1495
1242
1495
1242
1495
1242
1495
1242
1495
1242
1495
1242
1495
1242
1495
1242
676
1242
1495
1345
16
19
16
728
16
19
1345
728
19
728
19
16
19
728
1345
728
19
1345
16
19
1345
19
728
19
728
16
1345
1335
1494
1335
1413
1335
1413
1335
1413
1335
1413
1335
1413
1335
1494
487
1335
1494
1335
487
1335
1089
487
1089
487
1089
487
1335
487
1089
487
1089
487
1494
90
1499
45
753
660
1229
660
753
90
545
1131
545
1131
41
1131
545
1131
749
545
1131
41
1131
545
1131
749
1131
545
1131
545
1131
545
41
1131
273
948
273
948
273
948
273
948
273
948
273
948
273
948
273
948
273
948
1023
1234
273
1234
398
1023
398
1234
667
1234
667
1234
1023
398
1023
398
1023
398
1023
398
1023
1234
667
1234
667
1234
398
1023
398
1014
1252
686
1252
686
1252
686
1252
1014
1024
399
1024
1493
1024
1014
347
1014
1140
555
1140
555
1140
555
1140
555
1140
555
1140
555
1140
555
1140
555
1337
1415
1337
1415
1337
1415
1337
1415
1337
1431
1373
1299
1373
47
1373
755
1299
1373
755
1299
47
1299
755
1373
1299
1373
1299
47
1299
1373
1299
47
1299
47
1299
47
1373
1299
944
1013
346
1013
944
1013
944
269
944
269
944
1013
346
1013
346
1013
802
101
802
101
802
101
802
101
802
101
802
1309
802
101
802
1309
802
101
802
101
1309
1306
1036
414
1036
414
1036
414
1036
414
1036
414
1036
414
1036
1306
1380
1306
1036
414
1306
1383
1309
1383
1309
1383
1309
1306
1380
1036
1306
1380
1306
1380
1306
1036
1430
486
1430
1088
486
1088
1430
1088
486
1088
486
1088
486
1088
486
1088
1430
1432
1313
1429
1432
1429
1313
1429
1432
1313
1388
1313
1429
1313
1388
1313
1432
1429
1313
1432
1429
1313
1429
1432
1313
1388
1313
1493
1024
1014
1140
555
1140
1014
347
1014
1051
434
1051
434
1051
434
1051
434
1051
434
1051
434
1252
434
1051
399
1024
1493
1024
399
1493
1024
1493
1024
1493
1024
1493
1024
43
751
154
43
751
43
154
751
154
751
850
43
751
43
154
751
43
751
43
850
43
1431
1337
1431
1492
1431
1492
1431
1492
1431
1337
1415
1337
1431
1492
1013
944
1398
1323
795
641
1398
1323
1398
1323
1398
1323
1398
1323
1398
1323
1398
1323
1398
1323
1398
795
91
795
91
795
91
795
91
795
91
795
91
795
641
795
641
1216
641
1216
641
1216
641
1216
641
1216
1166
748
1166
748
233
40
233
748
233
1166
233
917
233
1166
233
1166
583
1166
40
233
1166
583
1166
583
1166
917
233
40
1539
603
1539
1181
1539
1181
1539
603
1539
603
1539
603
917
40
233
917
40
1539
603
1539
1181
1539
603
233
1166
1538
134
834
1538
834
134
1538
134
1538
834
1538
134
1538
134
834
1538
134
1538
134
834
1538
834
134
1538
134
1538
110
811
110
811
1091
811
490
811
1091
811
1091
110
811
110
1091
490
811
1091
811
110
1091
110
1091
110
811
490
110
847
150
847
1144
559
1144
559
1144
847
150
847
1144
559
1144
559
1144
847
1144
1405
648
1405
1221
648
1329
1221
1329
648
1405
648
1329
648
1221
648
1221
1405
1221
1405
648
1221
1329
648
1221
1329
1221
648
1329
1405
648
1329
648
1405
1186
608
1186
201
890
201
890
201
890
201
890
201
504
201
890
201
890
201
890
201
890
201
1186
869
174
869
174
869
174
869
174
869
174
869
476
869
174
869
1079
476
869
174
869
476
1079
869
174
476
422
752
44
752
422
752
44
752
44
752
561
752
561
1146
561
1342
1420
1342
1420
1342
1420
1342
1420
1342
1420
561
1342
1420
1342
561
1342
422
561
44
752
561
1342
561
1342
422
1043
422
1043
422
1043
422
1043
422
1043
422
44
752
1342
561
1146
561
1146
561
752
74
779
74
1428
1058
1428
74
1428
1058
450
1058
450
1058
450
1058
1428
1058
450
1428
74
1428
1058
450
1058
74
1428
74
1428
74
1428
74
779
74
1428
74
779
74
1058
450
1058
1083
481
1083
481
1083
481
1083
481
1083
481
1083
481
1083
481
1083
481
541
1128
541
1128
541
1128
541
1128
541
1128
541
1128
541
1128
541
1128
541
1128
541
1083
1128
541
504
1102
504
1102
504
1102
504
1186
608
1186
924
245
924
245
924
245
924
245
924
245
924
245
924
245
924
245
924
245
1186
504
1102
504
1186
608
1186
245
1186
504
201
890
504
121
821
121
822
121
822
121
1391
1316
1315
121
1316
1391
1316
120
821
120
121
822
121
1315
1390
1315
121
1316
120
821
121
822
121
1315
1391
1316
1315
120
121
1316
1391
120
1315
1390
1315
1316
120
1316
821
1315
1390
1315
1390
1315
821
1391
1315
209
897
209
897
209
897
209
897
209
897
209
897
209
897
209
897
209
897
209
897
209
897
226
807
1480
807
107
807
292
807
226
910
226
910
226
910
226
1039
226
910
226
1039
417
1427
1039
417
1039
417
1039
417
1039
417
1427
1039
1427
1039
1427
1039
417
1039
226
807
292
964
292
964
292
964
292
964
292
964
807
964
292
964
292
964
292
964
292
964
292
807
107
807
1480
429
1474
517
429
1474
429
1474
429
1474
429
1474
429
1474
429
1474
517
1474
429
1474
517
1441
1476
704
1266
704
1476
1266
704
1476
1475
1441
1475
1441
1476
1475
1476
704
1476
1441
1475
1476
1475
1441
1476
704
1266
704
1266
572
1155
705
1267
705
1155
572
1155
572
1155
705
1155
705
1155
705
1155
572
1155
572
1155
705
1267
1155
339
823
122
339
122
823
122
823
122
823
122
339
823
122
339
122
339
122
823
339
1007
339
122
339
122
339
122
823
339
1007
339
127
828
127
828
127
828
1155
705
940
500
940
500
264
940
264
940
264
940
425
426
1472
940
264
940
264
940
1472
1046
426
1046
1472
940
1472
426
1046
425
1472
426
1046
1472
940
1472
1046
425
1472
425
1472
426
1472
425
426
1046
425
1046
425
426
425
1046
425
1472
979
474
1195
617
1195
617
1195
617
1195
617
1195
968
979
500
979
500
979
307
979
500
979
307
979
307
979
307
979
500
979
968
295
968
295
968
295
968
295
968
474
968
295
968
474
1077
474
968
295
968
474
1077
474
1077
474
1077
968
474
1077
474
1077
474
1176
597
1473
1176
1473
1176
1473
1016
349
1016
349
1016
349
1016
1473
1016
349
1016
1473
1016
1473
1176
597
1176
597
1176
1291
1016
349
1016
349
1473
1291
1365
1291
1365
1291
1365
1291
1365
1291
1365
892
1274
1318
1393
1318
1274
1318
1393
1274
1318
1393
1274
714
1274
1318
1393
1318
1393
1274
1318
1393
1318
1393
1318
1274
714
1274
892
203
892
203
892
203
892
203
892
203
892
1274
714
1274
1393
1318
1393
323
993
323
697
1261
697
1261
697
323
993
323
993
323
697
993
323
697
1261
697
1261
697
1261
697
1261
697
323
993
323
697
1261
697
1261
1260
871
176
871
696
1260
696
871
1260
871
1260
871
176
871
1260
871
1260
696
1260
871
247
966
1450
247
1450
247
1450
247
1450
247
1450
247
1450
247
1450
966
1450
247
1450
247
1450
247
1450
871
1260
871
139
838
139
838
139
838
139
838
139
838
139
838
139
838
1321
1396
1321
1416
1321
1396
1321
838
1416
1338
1416
1321
1338
1416
1338
1416
1321
1416
1338
1416
1338
1416
1321
1223
1339
1223
277
952
277
1223
277
1416
277
952
277
952
277
952
277
952
277
952
277
1223
650
1223
1339
1304
745
37
745
37
745
37
745
37
745
646
745
37
745
1339
1417
1339
1219
646
1219
745
1339
1223
1339
1223
650
1223
650
1223
1339
1417
1339
1417
1339
1223
1339
745
646
1304
646
1219
646
1219
646
1219
646
1219
646
1219
745
760
52
524
525
524
760
524
1114
524
525
524
1114
524
1114
525
524
525
524
760
52
760
524
525
524
760
80
784
80
784
80
784
80
784
80
784
80
784
80
784
80
1017
80
565
350
1017
80
784
80
1017
350
1017
565
1150
565
1150
565
1150
565
1150
565
1150
170
866
170
866
170
866
170
866
170
866
191
880
191
880
191
880
191
880
1302
1376
1302
932
254
932
254
932
254
932
254
932
254
932
254
932
1302
1376
1302
1376
1302
1376
1302
1376
1302
1376
1302
1376
1302
1376
1302
1376
1302
191
1395
1320
932
254
1320
1395
1320
1395
1320
1395
1320
1395
1320
1395
1320
1395
1320
932
736
688
736
27
736
27
736
688
1254
688
1254
688
1254
688
736
27
736
27
563
526
1115
526
1467
526
1115
526
334
1468
669
1468
1317
1392
1317
1392
1317
1468
334
1003
334
1003
334
1003
334
1467
526
1115
526
1467
563
1148
563
1148
563
1148
563
1148
563
1148
563
1148
563
1148
563
1148
563
1148
563
116
817
116
817
116
817
34
742
34
742
34
742
34
742
34
742
34
742
34
1183
1207
630
1207
630
1207
630
1207
630
147
630
1207
630
1183
605
1183
34
1183
605
1183
605
1183
605
1183
630
1207
630
147
799
1292
1366
1292
799
96
799
147
799
147
799
96
799
96
799
147
844
147
844
147
799
1292
1366
1292
1366
1292
334
1292
1366
1292
799
334
1003
334
1003
334
1468
669
1236
669
1236
669
1236
669
1236
669
1236
669
1236
669
1236
1468
1236
1468
1236
669
1236
669
1468
1317
1392
1317
1468
1317
1468
1076
151
848
151
848
151
1076
151
848
151
848
151
1076
473
1076
151
848
151
1076
151
848
151
473
1076
473
1076
473
1076
151
1076
1298
1372
1298
1372
1298
1372
1298
1372
1298
1372
1298
1372
1215
640
1215
640
1215
1298
143
842
143
842
143
967
143
842
143
967
143
842
143
967
294
967
294
967
143
967
143
967
1440
1071
468
1071
266
941
266
1440
1071
1440
1071
468
1071
468
1071
468
1071
468
1071
468
1071
468
1440
1071
1440
266
265
266
1440
967
54
762
54
762
54
10
54
762
54
762
54
762
54
762
54
313
826
626
125
626
1203
626
1203
626
125
1164
581
1164
125
1164
581
1164
581
1164
581
1164
581
1164
125
1164
125
626
1203
626
1203
626
125
826
1164
313
984
313
984
313
984
313
984
313
984
313
984
313
984
313
984
313
10
711
1272
10
1272
10
711
10
1272
711
1272
711
1272
711
1272
10
711
1272
10
1272
10
711
1272
10
711
1440
266
941
266
265
266
1071
1440
879
190
879
190
879
190
879
190
879
190
879
190
879
190
879
190
879
190
1440
182
680
1246
182
680
1246
680
1246
680
182
680
182
1246
680
182
680
182
875
182
1246
182
680
182
875
182
875
1469
718
4
718
1225
652
1225
1469
1225
652
1225
652
1225
652
1225
718
1469
718
1469
718
4
718
1271
709
939
263
939
1271
939
263
939
263
939
291
963
291
963
291
963
939
1271
1469
1271
939
291
939
263
939
1271
1469
1271
939
1271
939
291
1271
709
1271
1469
652
1225
820
439
970
297
970
297
970
297
1470
335
1004
335
1004
335
1470
983
1470
983
1470
983
312
983
1470
983
312
983
1470
335
1470
312
983
1470
983
312
983
1471
759
51
759
221
1471
759
51
759
1471
759
51
1471
759
1471
51
759
1471
51
759
51
759
51
759
51
759
51
1471
221
117
818
578
1161
578
221
906
221
906
221
117
818
117
818
117
818
117
818
117
818
117
818
117
578
1161
578
1161
578
1161
578
1161
578
221
983
312
1470
335
28
713
28
713
28
713
28
713
28
335
713
28
335
713
335
28
713
28
713
820
439
820
970
439
820
439
119
439
119
439
970
297
970
879
852
219
904
219
852
156
852
156
852
156
852
156
852
156
852
219
756
48
756
852
156
852
156
219
852
219
904
219
852
156
219
756
219
756
48
219
756
1223
1339
745
1220
647
1220
647
1220
647
1220
647
1220
647
1304
1378
1220
647
1220
1304
1378
1304
1378
1304
1378
1304
1378
1304
1220
647
1220
698
324
994
324
35
324
994
324
743
324
1262
698
1262
698
1262
698
1262
698
324
698
1262
698
1262
698
324
743
35
324
698
324
994
324
1408
1331
1408
698
324
1331
1408
1331
1408
1331
1408
1331
1408
938
262
261
938
261
262
938
261
938
710
938
262
938
262
938
261
938
262
938
710
1541
710
1541
710
1541
710
1541
710
1541
140
839
140
839
140
839
140
839
140
839
140
839
140
839
140
839
1022
355
140
1022
355
1022
355
1022
355
1022
355
1022
355
1022
355
1022
355
1022
355
1022
1178
1422
1178
1422
1178
1422
1178
1422
600
1178
1422
600
1422
1178
600
1178
600
376
699
395
376
433
376
433
376
433
376
433
376
395
376
395
699
395
376
699
395
699
376
1057
464
1069
1057
448
1057
448
1057
1069
464
1069
464
1057
448
1057
1069
464
463
1069
1057
1069
464
1069
464
1069
464
1069
464
1069
1057
464
1069
464
635
1211
1459
635
1211
635
1211
635
1211
635
1211
635
1211
635
1211
635
1211
635
1211
635
1211
635
1459
636
1459
390
636
1459
390
1459
636
1459
1057
463
394
694
394
694
394
694
394
719
436
719
5
719
394
719
394
719
5
719
394
719
394
694
394
694
394
719
436
377
436
377
436
377
436
377
907
1442
907
222
907
23
357
23
1456
907
23
357
23
357
23
357
23
907
222
907
1456
907
222
907
1442
907
23
357
23
357
23
907
1457
1543
1457
1543
1457
1543
986
1543
986
315
452
986
452
1543
1457
1543
986
452
315
452
1543
986
452
315
986
452
315
452
315
986
452
1543
1457
1543
1457
1543
315
986
315
452
986
315
1543
1458
1344
1276
1344
1276
1344
1276
1344
1276
1344
1458
1443
1041
1443
1041
1443
548
1134
548
381
449
381
449
381
449
381
449
381
449
381
449
381
449
381
548
1443
1041
1443
1041
420
1041
420
1041
420
1041
1443
1041
1443
1041
1330
1407
1303
1377
1303
1117
1303
1377
1303
1117
528
1303
1407
1330
1407
1330
1407
1330
1407
1303
1407
1330
1407
1330
1407
1330
1407
1330
1407
1330
1407
1303
1117
528
1117
528
1117
1303
1117
528
1117
528
1303
1377
1303
1377
1303
1117
184
366
184
366
184
366
887
198
185
198
185
887
185
198
185
887
185
198
185
198
887
198
185
198
185
198
185
198
185
198
185
885
196
885
187
885
187
885
187
196
187
885
196
885
187
885
187
885
196
187
885
196
187
196
187
885
187
1065
1103
523
505
523
1065
458
1065
310
982
310
982
310
1065
310
1065
505
1103
505
1103
505
1103
523
1103
505
1103
1065
310
982
310
1065
458
1065
982
310
1283
1231
1283
1356
1283
1356
1283
1356
348
1015
348
1015
348
1015
348
1015
1283
348
712
1273
712
256
282
256
712
256
282
934
282
934
712
282
256
712
1273
712
282
256
282
712
256
712
256
282
256
934
256
1423
1362
1423
1362
1423
225
1423
225
1423
225
909
225
1353
225
909
225
909
225
1423
225
1423
225
1353
1423
225
167
863
167
863
1452
863
167
863
167
863
167
863
167
863
167
863
167
863
167
1452
796
93
796
93
796
93
796
93
796
1452
863
1452
796
93
796
93
796
1452
863
1452
796
93
1452
796
1134
548
1134
548
1134
548
1134
548
1134
548
1134
548
1443
548
1134
548
381
449
381
449
381
1453
877
188
877
188
1453
877
1453
22
1453
877
188
877
1453
22
356
22
1453
877
1453
877
188
877
188
877
188
877
188
1453
22
356
22
356
22
356
22
356
22
356
22
356
22
356
22
1453
29
737
29
737
29
737
29
737
29
737
29
737
29
442
29
737
29
737
29
737
29
737
442
857
160
161
857
161
160
857
161
160
161
857
161
160
161
857
161
160
161
160
442
1053
442
1053
442
1053
442
1053
442
1053
442
1053
442
1053
442
1053
442
236
1099
501
1099
236
1213
236
1213
236
1213
638
1213
236
638
1213
638
236
1454
740
32
740
32
740
32
740
32
740
32
1454
740
32
740
1455
1045
424
1455
1045
1455
424
1455
424
1045
1455
424
1231
663
1231
663
1231
663
1231
663
1231
663
1231
663
1231
663
1231
1454
236
1213
638
1213
236
501
1099
236
1099
